ID,nrpts,area,density,ecc,center_1,center_2
1,197,0.06695046,2942.474,0.7013715,25.48108,17.56137
2,553,0.1961091,2819.858,0.5692314,20.52035,20.36979
3,306,0.1025682,2983.381,0.4874628,16.42416,25.90676
4,4998,1.571364,3180.676,0.8645791,39.48613,26.96596
5,455,0.1835399,2479.026,0.7081059,18.06054,26.50576
6,2562,0.6892454,3717.109,0.8794496,37.58963,29.64385
7,1781,0.5085164,3502.345,0.7978444,29.9233,33.39184
8,1419,0.3435505,4130.397,0.7296624,32.77372,33.85786
9,652,0.1620044,4024.581,0.6272433,34.30929,36.53557
10,3042,0.9602145,3168.042,0.8800799,35.46196,37.20866
11,2254,0.5886449,3829.134,0.9398851,33.78417,37.69217
12,2002,0.6945092,2882.611,0.9433618,28.57121,42.20921
13,266,0.0893349,2977.56,0.8432471,23.7873,41.78125
14,883,0.3398453,2598.241,0.8280884,28.84822,42.68888
15,4462,1.273435,3503.91,0.9092194,39.88258,29.64806
16,1319,0.3014638,4375.318,0.7942719,39.56496,31.83641
17,2528,0.7660773,3299.928,0.4304151,36.40837,35.7113
18,129,0.04841758,2664.322,0.8125239,38.08688,20.45177
19,239,0.0968708,2467.204,0.7438692,17.90569,22.74553
20,1631,0.5098512,3198.972,0.5435719,31.1107,27.42686
21,1564,0.3487006,4485.223,0.861918,27.87641,27.67481
22,20,0.004036067,4955.32,0.9108256,25.30443,28.16413
23,176,0.05239698,3358.972,0.7717249,27.64621,31.08618
24,25,0.005706516,4380.957,0.867632,27.65951,37.18761
25,3067,0.8274871,3706.402,0.7827877,21.27525,37.73913
26,1062,0.2971712,3573.698,0.6812492,19.87687,25.45439
27,46,0.01386493,3317.723,0.2899626,24.73926,31.39985
28,507,0.1597086,3174.532,0.8498055,35.24146,29.9946
29,190,0.05884808,3228.653,0.4229357,33.27544,29.4841
30,164,0.06138434,2671.691,0.5581192,26.37906,17.25331
31,194,0.06586697,2945.331,0.8231933,22.97443,32.62237
32,1352,0.4177265,3236.568,0.8197981,32.20487,25.66593
33,701,0.2025736,3460.47,0.6798007,24.94989,25.34027
34,183,0.07150829,2559.144,0.8920656,39.57587,22.12398
35,2347,0.6277524,3738.735,0.7950043,20.1677,38.30696
36,1911,0.5480771,3486.736,0.6356515,20.25889,39.21645
37,702,0.2922884,2401.738,0.639674,21.09587,40.23016
38,992,0.2402461,4129.1,0.8137931,39.38675,32.70564
39,4076,1.117006,3649.039,0.8958972,36.90236,33.12817
40,578,0.1862685,3103.047,0.8029698,34.48945,39.57404
41,1115,0.2473076,4508.555,0.8568028,22.6296,41.26822
42,76,0.03923178,1937.205,0.424991,40.90005,21.04925
43,361,0.08680017,4158.978,0.515096,19.35553,24.81629
44,4644,1.353004,3432.362,0.943977,37.83895,34.05418
45,510,0.1766784,2886.601,0.7921399,23.17343,17.58976
46,675,0.1757785,3840.061,0.9417515,21.00503,41.09706
47,356,0.07020312,5071,0.6880565,23.59608,31.9967
48,571,0.176443,3236.173,0.8608002,41.29675,22.65705
49,1026,0.3558119,2883.546,0.7214608,39.04592,28.50335
50,2374,0.6101388,3890.918,0.8599201,37.16066,28.01544
51,729,0.2500783,2915.087,0.6014192,33.03203,39.47117
52,333,0.09628431,3458.508,0.8436984,22.88552,28.58599
53,120,0.03816993,3143.836,0.5342882,30.0352,36.65926
54,352,0.08746792,4024.333,0.798335,27.36111,31.89419
55,370,0.09771615,3786.478,0.7199558,35.56413,24.45291
56,106,0.03567566,2971.213,0.4263194,34.91753,27.52863
57,432,0.1368372,3157.037,0.7238154,38.45568,19.44913
58,297,0.08365865,3550.141,0.8675687,20.83776,24.33561
59,3368,1.048478,3212.276,0.8971767,40.04716,24.82026
60,915,0.3069258,2981.177,0.8169487,38.4945,29.86605
61,28,0.008406477,3330.765,0.6355549,20.37661,31.69289
62,265,0.06784991,3905.679,0.8036793,34.25797,26.21538
63,234,0.07230102,3236.469,0.5154784,35.30885,21.27644
64,408,0.1597572,2553.875,0.6902292,24.73162,19.1546
65,630,0.2423455,2599.594,0.7943561,22.54368,18.81483
66,405,0.1544719,2621.835,0.8903274,19.15758,38.88808
67,203,0.06180829,3284.349,0.8214568,36.61411,23.69818
68,456,0.1504614,3030.678,0.7593725,19.48029,26.29846
69,217,0.08949575,2424.696,0.7855459,27.56209,26.66015
70,2511,0.5631912,4458.521,0.8953531,19.93912,36.33689
71,47,0.01885041,2493.314,0.4786238,26.96203,33.63968
72,253,0.06354979,3981.131,0.6989027,38.93761,24.14749
73,33,0.009969562,3310.075,0.7512298,31.50418,28.55762
74,287,0.09852172,2913.063,0.8505352,32.12462,30.31227
75,131,0.03923316,3339.012,0.5240653,23.33269,31.06628
76,199,0.06663413,2986.457,0.7604812,25.26251,26.07038
77,1741,0.458551,3796.742,0.8140667,41.63147,25.26781
78,2261,0.7557799,2991.612,0.9539911,31.95822,39.11795
79,460,0.1466773,3136.137,0.7645276,40.3617,30.10385
80,52,0.02332529,2229.34,0.6243252,33.78053,28.46338
81,970,0.2731976,3550.543,0.8591346,17.88608,23.48202
82,829,0.2561404,3236.506,0.9327857,25.36454,21.02387
83,55,0.0142164,3868.773,0.6727418,21.89709,17.63042
84,45,0.01748965,2572.951,0.7571335,25.36487,16.08909
85,48,0.01657642,2895.679,0.3921117,30.07499,32.0515
86,354,0.1319607,2682.617,0.697921,23.28781,21.20535
87,701,0.2085402,3361.462,0.6220218,37.93476,30.41972
88,1114,0.2885595,3860.556,0.9162056,35.04998,35.1654
89,951,0.311748,3050.541,0.7885175,40.14628,27.69676
90,2524,0.9310433,2710.938,0.6366728,32.74942,36.33112
91,170,0.06741144,2521.827,0.7980341,31.22549,21.02075
92,133,0.04581292,2903.111,0.6711604,34.6135,30.86046
93,682,0.2109423,3233.112,0.7672839,26.01638,17.73953
94,545,0.1758433,3099.35,0.6902794,32.39825,22.54253
95,107,0.03479701,3074.977,0.6601727,31.70549,30.65349
96,82,0.03158552,2596.126,0.5576807,33.33563,24.08537
97,941,0.2939483,3201.243,0.6988804,24.55345,41.18392
98,550,0.1819734,3022.42,0.8322662,37.77872,36.29718
99,69,0.02384515,2893.67,0.6147205,27.48131,39.25549
100,682,0.1984664,3436.35,0.9111668,18.8235,27.35253
101,79,0.01732673,4559.428,0.3141074,17.73845,23.03704
102,2093,0.5028972,4161.884,0.8012893,37.85501,31.54884
103,97,0.02711573,3577.259,0.8287506,32.15221,23.8212
104,652,0.2355053,2768.515,0.8814256,24.63911,21.79128
105,808,0.2356222,3429.218,0.8052995,32.65097,41.03883
106,35,0.008028267,4359.596,0.7398497,32.20072,29.26198
107,972,0.3035825,3201.766,0.9220998,24.24876,26.3705
108,912,0.2754705,3310.7,0.622657,27.82592,42.75761
109,472,0.1432475,3294.997,0.8310575,22.08377,40.08476
110,389,0.1438757,2703.723,0.7893213,23.729,19.88844
111,1469,0.414491,3544.106,0.8320571,34.22995,28.9213
112,311,0.1010875,3076.544,0.6397066,31.5937,18.70769
113,50,0.01840529,2716.61,0.4252105,33.4362,19.74564
114,660,0.3004329,2196.83,0.7739352,40.64329,20.80892
115,349,0.151271,2307.117,0.4509628,31.84616,22.53122
116,254,0.08986825,2826.36,0.822049,31.79365,20.2392
117,458,0.1493686,3066.241,0.8089424,30.44136,37.16576
118,361,0.08929596,4042.736,0.7135478,18.45732,31.97542
119,59,0.01326729,4447.027,0.6359413,18.50323,17.56499
120,396,0.1207363,3279.875,0.6583742,33.12862,20.38772
121,81,0.01908782,4243.543,0.8287597,22.66192,31.94123
122,2460,0.8070692,3048.066,0.8833535,41.19158,27.22017
123,25,0.008484838,2946.432,0.7164761,27.96722,21.44801
124,39,0.01273165,3063.233,0.5033854,27.90737,42.07435
125,1146,0.3176015,3608.296,0.8561028,17.91435,36.57076
126,58,0.02421405,2395.303,0.8179063,19.0616,20.00825
127,295,0.1197152,2464.181,0.8358028,35.28981,29.32581
128,292,0.1038086,2812.869,0.6161652,18.17443,27.21234
129,91,0.03458228,2631.406,0.7290528,40.14624,23.14799
130,204,0.04493262,4540.132,0.5140345,21.66038,18.90005
131,483,0.1279501,3774.91,0.5261536,40.64557,31.26277
132,757,0.2219064,3411.349,0.8163202,41.29225,24.28395
133,62,0.01825331,3396.644,0.5877585,28.22955,29.62032
134,160,0.03526133,4537.549,0.6295677,18.26502,26.91029
135,459,0.1200918,3822.075,0.7115617,20.3761,21.183
136,258,0.1034553,2493.832,0.7854168,18.6661,22.6356
137,1616,0.4242342,3809.217,0.6630499,23.32894,38.67945
138,464,0.1400528,3313.036,0.8039433,25.11279,27.74925
139,817,0.2478185,3296.767,0.7678347,35.02164,39.08361
140,76,0.03626611,2095.621,0.8146281,28.95392,36.19413
141,621,0.2465988,2518.26,0.7589456,20.56485,19.02346
142,752,0.2383325,3155.256,0.7575441,38.43647,26.79817
143,50,0.01844597,2710.62,0.759325,36.83606,17.75143
144,200,0.07422838,2694.387,0.7758794,18.99407,18.75587
145,33,0.01272152,2594.029,0.5499372,30.13578,20.47644
146,877,0.2516963,3484.357,0.781652,28.28709,36.90661
147,86,0.03462708,2483.605,0.8707695,32.68862,31.02174
148,19,0.003706157,5126.604,0.5501676,34.91354,19.13225
149,262,0.08901712,2943.254,0.8232211,25.71277,31.14398
150,906,0.2866073,3161.119,0.7455748,37.74048,35.69234
151,325,0.1065935,3048.966,0.7753432,29.68514,18.92724
152,44,0.01105935,3978.533,0.5692913,19.54242,30.08077
153,82,0.02686221,3052.615,0.6563966,34.80012,24.4126
154,529,0.1527298,3463.633,0.9060301,37.0289,23.04189
155,33,0.01093758,3017.121,0.7470755,29.70596,38.97971
156,779,0.2070552,3762.281,0.7155911,26.08216,22.38008
157,239,0.07701124,3103.443,0.8808748,19.3847,39.65509
158,47,0.02128246,2208.391,0.6049805,26.00384,29.51071
159,160,0.05265932,3038.398,0.7110404,40.92969,25.6531
160,244,0.1077484,2264.534,0.5644462,17.38264,36.37334
161,1665,0.4344601,3832.343,0.8693733,17.9767,35.25168
162,185,0.06875812,2690.591,0.8790898,24.57136,15.36538
163,77,0.03357426,2293.423,0.4851952,32.65719,29.43802
164,1151,0.293444,3922.383,0.8928413,39.47511,27.79151
165,21,0.004834746,4343.558,0.6454794,25.9441,29.62774
166,530,0.146989,3605.712,0.7771387,27.40678,29.93605
167,1037,0.2803613,3698.799,0.9026749,30.9925,41.74016
168,33,0.01266413,2605.785,0.7582916,21.19516,17.27746
169,192,0.08136002,2359.881,0.8072839,18.45305,29.00347
170,131,0.0507457,2581.5,0.9350001,20.47982,28.71853
171,404,0.110781,3646.835,0.8359616,26.73757,38.54702
172,806,0.245888,3277.915,0.8457665,31.84373,41.24968
173,23,0.006926964,3320.358,0.4153696,28.87432,21.65786
174,71,0.02658837,2670.34,0.6818426,42.11804,26.85617
175,205,0.07262371,2822.77,0.7828439,34.09851,25.36519
176,1165,0.3383621,3443.057,0.8979117,33.06967,38.68095
177,134,0.05359779,2500.103,0.76103,41.05959,21.83689
178,206,0.07247963,2842.178,0.7232257,24.47537,39.15287
179,469,0.1632753,2872.449,0.7542769,31.26026,23.82998
180,225,0.07908244,2845.132,0.3721913,30.93022,34.6209
181,592,0.1686194,3510.865,0.5357175,35.40155,30.93883
182,24,0.007690505,3120.731,0.6176127,39.32987,24.06709
183,587,0.1941652,3023.198,0.5528454,26.10402,19.83274
184,305,0.1131384,2695.812,0.4795108,35.57872,21.99245
185,845,0.2053365,4115.196,0.7970928,27.18271,18.21327
186,75,0.02329171,3220.03,0.7818013,38.80279,32.18397
187,520,0.1478495,3517.09,0.8477246,24.62202,20.22591
188,135,0.02173474,6211.253,0.6733195,30.34376,16.60098
189,626,0.2510726,2493.303,0.7446083,28.80369,14.91759
190,261,0.1032411,2528.062,0.8682143,19.80266,33.1963
191,61,0.02419126,2521.572,0.7842857,25.55961,15.26773
192,17,0.004304551,3949.309,0.519397,29.59137,28.00416
193,104,0.03639941,2857.189,0.8588201,27.33646,36.35281
194,629,0.2106338,2986.225,0.6929864,25.19019,22.4004
195,1077,0.2620342,4110.15,0.7523988,31.99229,37.44112
196,77,0.03215853,2394.388,0.8116919,37.90295,23.39587
197,649,0.1819088,3567.723,0.8600813,34.46467,34.84059
198,467,0.1259148,3708.858,0.7429377,29.77871,28.91542
199,358,0.1129237,3170.283,0.7792561,20.00409,40.43716
200,23,0.00615149,3738.931,0.6451218,42.25466,26.5633
201,22,0.003105727,7083.688,0.5721679,32.8841,21.2381
202,78,0.03145088,2480.058,0.7004193,35.37469,33.64829
203,44,0.01724275,2551.797,0.6079008,29.27972,36.57618
204,206,0.08895285,2315.834,0.8629563,29.41093,31.41768
205,305,0.1029723,2961.962,0.855421,22.66112,26.39691
206,18,0.00419263,4293.248,0.8337865,21.36372,41.78017
207,18,0.007747042,2323.468,0.5188695,35.96651,36.616
208,411,0.1093551,3758.398,0.9221486,17.74086,26.43343
209,26,0.007167812,3627.327,0.7788345,36.84295,25.16525
210,495,0.1696651,2917.511,0.7653915,29.49319,32.70104
211,287,0.114672,2502.791,0.8817015,26.03449,43.5041
212,552,0.1740139,3172.161,0.7408392,26.20222,41.95128
213,223,0.05954045,3745.353,0.5390916,36.4143,18.72023
214,356,0.09755657,3649.165,0.6730156,32.24586,17.75871
215,1262,0.3226404,3911.475,0.8486395,21.88958,35.08116
216,145,0.03805797,3809.978,0.7014663,19.08992,22.60399
217,134,0.03003116,4462.032,0.676711,26.19928,15.35098
218,145,0.04383866,3307.583,0.5947336,32.90707,19.3726
219,494,0.1605064,3077.759,0.6036983,41.50079,23.22602
220,448,0.1190532,3763.023,0.8249596,33.38005,23.07966
221,61,0.02502085,2437.967,0.7522078,26.55321,23.83014
222,148,0.03998522,3701.367,0.5870838,34.66006,20.24215
223,152,0.04644777,3272.493,0.6297951,28.72088,34.51696
224,48,0.01859415,2581.457,0.4944021,30.46048,35.39521
225,316,0.1053465,2999.626,0.75315,21.43771,17.54898
226,20,0.005173193,3866.084,0.5974517,28.1192,22.86613
227,356,0.1073803,3315.321,0.8586799,32.43363,35.23518
228,107,0.03616076,2959.009,0.6620758,37.46967,19.66526
229,366,0.1163571,3145.49,0.8840914,26.10234,16.20577
230,233,0.07907111,2946.715,0.7462528,35.9034,17.13813
231,26,0.008144329,3192.405,0.8298379,31.72866,41.84772
232,566,0.206735,2737.805,0.862017,26.1863,31.75148
233,242,0.0939022,2577.149,0.5717408,23.79854,34.64783
234,508,0.163435,3108.27,0.6894993,24.18903,16.72299
235,228,0.08118607,2808.364,0.6460188,19.19496,20.48204
236,66,0.02761594,2389.924,0.678717,32.09513,32.01521
237,20,0.005077067,3939.282,0.7893473,27.32206,34.90708
238,28,0.007617741,3675.63,0.8265162,31.91283,41.78873
239,374,0.1071657,3489.923,0.9554037,23.23162,42.18691
240,489,0.07135607,6852.957,0.4814331,31.85832,28.9751
241,114,0.05316091,2144.433,0.6064425,36.9696,30.9125
242,39,0.01676895,2325.727,0.8943927,23.96539,39.3405
243,39,0.01285783,3033.171,0.7832713,18.46617,31.51465
244,33,0.002383643,13844.36,0.7475859,27.42357,15.71857
245,512,0.112848,4537.075,0.7983612,20.58764,31.34352
246,271,0.08504591,3186.514,0.2047267,25.86605,42.92938
247,90,0.02199597,4091.659,0.3314349,29.98546,30.48477
248,19,0.004794498,3962.876,0.4625598,26.1962,35.90548
249,170,0.06822842,2491.63,0.8289942,35.78816,21.67605
250,45,0.01255756,3583.498,0.6001861,34.63208,25.89716
251,648,0.1340158,4835.249,0.7899015,20.9417,29.74101
252,114,0.04517647,2523.438,0.7833471,35.18711,27.50642
253,112,0.03227043,3470.669,0.6058954,30.81733,21.09562
254,82,0.02706859,3029.342,0.544335,23.99634,25.18234
255,29,0.01166801,2485.427,0.7232404,30.61582,20.51318
256,99,0.04263105,2322.251,0.8309312,38.56863,32.0681
257,67,0.020702,3236.402,0.5901671,36.31597,22.07792
258,73,0.01787072,4084.894,0.8306572,37.51729,25.0996
259,68,0.02144916,3170.287,0.920399,30.07057,27.68472
260,24,0.008785876,2731.657,0.8089808,18.98974,26.76284
261,387,0.1363588,2838.101,0.8853381,39.27199,31.12932
262,55,0.02554039,2153.452,0.5141723,35.19863,26.65554
263,931,0.2027526,4591.803,0.8520604,25.92387,37.88472
264,19,0.005626044,3377.151,0.7882414,19.59262,20.41046
265,49,0.01015403,4825.669,0.7467742,27.99464,14.99101
266,319,0.1081607,2949.315,0.6831432,40.54846,23.60112
267,67,0.01463638,4577.635,0.7109468,30.90936,30.71826
268,386,0.1165943,3310.624,0.8193476,23.49829,35.89552
269,41,0.01963356,2088.261,0.3775468,35.21675,26.80824
270,236,0.06208973,3800.951,0.7266771,32.58092,23.82568
271,546,0.1586542,3441.447,0.8333591,30.53063,42.15835
272,259,0.1044785,2478.979,0.7917175,17.55387,34.74765
273,197,0.04493435,4384.173,0.5770958,28.28139,24.24751
274,133,0.04270733,3114.219,0.1867556,37.54879,23.37986
275,144,0.06043566,2382.699,0.8562797,24.40236,33.40649
276,217,0.08993308,2412.905,0.6531023,25.79861,23.94103
277,85,0.03511254,2420.787,0.6547288,31.88918,15.46338
278,418,0.1642455,2544.97,0.7878601,29.72967,41.82948
279,228,0.07645943,2981.974,0.9121507,32.08012,28.02015
280,121,0.05485079,2205.985,0.5060659,23.94601,33.71775
281,154,0.02793931,5511.948,0.8307946,25.263,29.31322
282,130,0.03974698,3270.689,0.636159,33.4887,23.82043
283,77,0.02981003,2583.023,0.7332853,24.51195,23.88519
284,170,0.05765811,2948.414,0.8169928,29.07467,41.6233
285,80,0.0245253,3261.938,0.835796,24.2259,28.16164
286,644,0.1659998,3879.523,0.5673606,27.75893,41.14309
287,25,0.003635366,6876.886,0.5703706,23.06762,23.08856
288,50,0.02283136,2189.97,0.6387444,30.77132,20.45634
289,152,0.06273812,2422.77,0.6789,20.06514,17.65109
290,520,0.1914312,2716.38,0.8173248,40.98116,23.53338
291,112,0.04030877,2778.552,0.8157452,21.76687,26.5768
292,24,0.007877684,3046.581,0.7092044,21.09829,30.02588
293,386,0.1147921,3362.601,0.8974622,33.71119,19.14379
294,127,0.02824677,4496.09,0.603717,17.18489,24.84216
295,35,0.0131295,2665.752,0.5387059,36.54972,26.84298
296,132,0.05439349,2426.761,0.4984438,27.89187,24.06704
297,111,0.02849147,3895.904,0.7546189,38.6076,18.39598
298,31,0.008529593,3634.406,0.7161896,40.8632,31.60966
299,278,0.08052879,3452.182,0.7569097,21.7144,29.49913
300,72,0.02941462,2447.762,0.4487182,39.05723,29.88462
301,143,0.04232952,3378.257,0.7870514,37.76341,38.00409
302,17,0.005064202,3356.896,0.6605557,23.35212,25.19888
303,202,0.09209125,2193.477,0.4867742,19.32607,22.16256
304,37,0.0159537,2319.211,0.7461801,42.4984,29.42092
305,25,0.008670759,2883.254,0.6798236,16.74245,36.65335
306,20,0.003690497,5419.325,0.8266799,41.09682,28.84333
307,50,0.01531493,3264.788,0.8024802,30.44663,27.25608
308,24,0.008092105,2965.854,0.5621279,24.68839,34.86222
309,552,0.1778863,3103.105,0.7002447,39.07349,22.30496
310,40,0.01523722,2625.151,0.3984834,33.4788,31.87271
311,22,0.005983652,3676.684,0.6041746,38.67968,22.87285
312,449,0.1749718,2566.128,0.8251841,32.23854,40.71879
313,26,0.008717166,2982.621,0.7212964,29.7206,27.78741
314,382,0.0944841,4043.008,0.7226616,18.22455,37.29204
315,65,0.02332439,2786.782,0.4123567,30.35397,24.45482
316,33,0.01241103,2658.926,0.4423455,37.33189,28.98464
317,75,0.02526618,2968.395,0.6295332,36.9759,26.35769
318,42,0.01361837,3084.07,0.6726131,28.44755,35.4956
319,29,0.0100791,2877.24,0.6436021,35.73935,28.73646
320,238,0.06734306,3534.143,0.6027917,18.79601,26.03069
321,34,0.01083321,3138.498,0.6188584,20.90816,23.67521
322,43,0.01858374,2313.85,0.4970124,27.34066,37.06454
323,255,0.06847015,3724.251,0.840593,34.20717,19.72559
324,50,0.01448246,3452.452,0.8330705,23.88722,30.95699
325,79,0.01596335,4948.835,0.5501846,19.05573,16.79748
326,46,0.0163496,2813.525,0.5150682,18.85178,32.59039
327,60,0.01586908,3780.937,0.6920583,25.13392,24.52724
328,54,0.01823691,2961.028,0.6508027,24.32443,35.57273
329,25,0.006591158,3792.96,0.7748745,17.49063,21.32567
330,242,0.08365698,2892.765,0.7143287,30.70901,31.93017
331,292,0.08857787,3296.534,0.7103921,42.85784,25.45948
332,30,0.01212657,2473.906,0.691521,40.853,21.33481
333,128,0.04011272,3191.008,0.8936026,25.67793,38.98468
334,188,0.04366709,4305.301,0.7042583,29.03169,23.26614
335,45,0.01549253,2904.626,0.7565355,25.15775,14.9247
336,185,0.08255317,2240.98,0.5777154,42.78465,29.16897
337,19,0.005134171,3700.695,0.6387028,25.83786,29.58758
338,78,0.03082708,2530.243,0.7502484,31.63418,15.71343
339,185,0.05659149,3269.043,0.8178176,20.46061,40.95106
340,50,0.02076353,2408.068,0.7479773,26.98442,26.49269
341,104,0.04413606,2356.35,0.7272252,34.88891,19.92641
342,218,0.08065706,2702.801,0.9036835,29.81956,38.01599
343,109,0.04478232,2433.996,0.652692,21.83417,32.19313
344,254,0.08651286,2935.98,0.2288485,35.29046,19.42822
345,30,0.01059109,2832.57,0.8074276,40.85283,31.39243
346,259,0.09779456,2648.409,0.8182166,29.53995,30.84227
347,34,0.008244364,4124.03,0.7551653,26.49398,42.07094
348,98,0.02818783,3476.677,0.516901,38.45347,21.59823
349,27,0.01130571,2388.173,0.6896604,21.10303,33.71813
350,21,0.004363082,4813.112,0.9188567,41.19621,28.75833
351,52,0.02347651,2214.98,0.6603088,29.13727,20.22335
352,75,0.03068682,2444.046,0.6353843,25.22058,29.06136
353,201,0.05686182,3534.885,0.8460832,19.26438,19.86012
354,22,0.006975461,3153.913,0.7676151,40.96553,20.79133
355,123,0.03179115,3869.002,0.3638059,28.21468,32.98952
356,28,0.009081078,3083.334,0.7545329,17.95532,35.99568
357,115,0.05118594,2246.711,0.864695,23.60262,30.89667
358,93,0.03046856,3052.327,0.8461327,17.46083,21.10735
359,89,0.03140912,2833.572,0.3661302,30.52029,23.35862
360,17,0.006348748,2677.693,0.383924,16.89403,24.47246
361,362,0.1157213,3128.207,0.2450281,23.16439,40.66579
362,19,0.004979943,3815.304,0.7643223,31.63037,41.84314
363,43,0.01472356,2920.49,0.3630092,36.00139,24.20591
364,202,0.09126092,2213.434,0.5160533,27.97249,37.41964
365,35,0.01041044,3362.01,0.582117,26.19416,24.78883
366,29,0.008751273,3313.803,0.7864093,22.34627,31.01287
367,94,0.02428481,3870.732,0.613002,30.33241,27.01112
368,105,0.04548407,2308.501,0.3278751,33.58111,17.17693
369,59,0.01865383,3162.89,0.228692,20.86409,25.6066
370,56,0.01997822,2803.053,0.7464633,26.71417,29.90742
371,90,0.04871013,1847.665,0.6013902,34.12525,26.46416
372,123,0.03248687,3786.145,0.6497357,37.47363,25.51701
373,45,0.01567128,2871.496,0.8047501,37.8471,28.84747
374,60,0.02088971,2872.228,0.7442639,26.27894,37.07796
375,22,0.00612496,3591.86,0.8564301,22.10306,34.26382
376,183,0.06185594,2958.487,0.8717796,16.88475,23.43857
377,246,0.06548752,3756.441,0.6960492,29.14126,34.73714
378,62,0.0151622,4089.118,0.7553924,40.23695,20.76995
379,28,0.01289023,2172.187,0.516468,21.72015,34.38544
380,45,0.01615476,2785.557,0.3083152,28.33012,39.15927
381,53,0.02459816,2154.632,0.6463135,25.68377,29.78156
382,166,0.08004308,2073.883,0.3816459,27.59133,14.85586
383,177,0.05364726,3299.329,0.6737913,21.19928,26.32052
384,79,0.03493637,2261.254,0.6798367,37.28808,25.18455
385,20,0.006829091,2928.647,0.4252466,30.95428,20.96723
386,242,0.07761216,3118.068,0.7392539,34.61399,31.20952
387,299,0.07883368,3792.795,0.888621,32.43446,20.42881
388,164,0.05016603,3269.145,0.7617678,34.0483,18.76159
389,80,0.02604839,3071.207,0.5927524,22.39249,36.64108
390,141,0.0470803,2994.883,0.7390261,20.44353,22.31076
391,87,0.03808451,2284.393,0.7957828,38.11619,21.06157
392,30,0.01187266,2526.813,0.6274263,18.67347,22.97453
393,70,0.02169896,3225.962,0.7165015,34.41127,25.69765
394,30,0.01467581,2044.18,0.7202563,38.75542,35.4712
395,23,0.007132061,3224.874,0.6696568,24.22619,35.15422
396,122,0.05944341,2052.372,0.8113821,38.58249,24.53084
397,34,0.01445935,2351.42,0.8437104,18.27653,20.49502
398,37,0.009865224,3750.548,0.7326501,22.8356,27.87388
399,91,0.03282928,2771.916,0.2903126,36.14841,31.45333
400,17,0.006397313,2657.366,0.4541971,38.86491,35.23035
401,161,0.03718323,4329.909,0.5466798,29.0268,19.01068
402,335,0.0968974,3457.265,0.7282813,27.34786,24.99589
403,299,0.07805368,3830.697,0.2617396,30.16134,21.13917
404,41,0.01803981,2272.751,0.5998715,22.5964,22.38156
405,136,0.03253621,4179.958,0.6723239,29.35837,23.27572
406,26,0.009632942,2699.072,0.7136549,18.85675,18.94032
407,46,0.01480795,3106.44,0.9420536,19.21031,38.50439
408,92,0.04023151,2286.764,0.5036049,35.46992,23.15615
409,117,0.03949489,2962.409,0.6645949,38.06684,37.80132
410,52,0.02268848,2291.912,0.8940706,33.84324,26.40269
411,86,0.02591796,3318.163,0.6806425,33.51611,34.80336
412,34,0.01224265,2777.177,0.6200442,19.63416,17.83748
413,214,0.08213596,2605.436,0.7141777,19.7138,20.13444
414,51,0.02219317,2298.004,0.8030549,21.04997,17.68689
415,149,0.04228009,3524.117,0.8945789,28.82701,22.84435
416,94,0.03232317,2908.131,0.4609172,24.41944,36.19977
417,79,0.03454789,2286.681,0.6779383,31.26966,21.42652
418,57,0.02841623,2005.896,0.7642812,31.84172,19.4817
419,93,0.03499874,2657.238,0.8470351,29.18881,39.93118
420,378,0.1255034,3011.872,0.7941091,23.31941,18.17933
421,78,0.02222542,3509.495,0.2755875,22.67345,21.99954
422,31,0.006355434,4877.715,0.733328,29.6048,24.24805
423,57,0.01980593,2877.927,0.7435503,20.80256,27.17762
424,54,0.0133404,4047.855,0.7075505,25.37473,34.73635
425,17,0.005064761,3356.525,0.6539019,33.73011,27.61403
426,18,0.00363676,4949.461,0.6048397,37.95169,25.26689
427,92,0.03124088,2944.86,0.7882488,24.61208,36.86396
428,161,0.06750375,2385.053,0.8761676,40.78501,22.81214
429,17,0.005167149,3290.015,0.5917519,17.81769,30.66898
430,50,0.01876784,2664.132,0.84706,24.50865,41.70297
431,174,0.05481371,3174.389,0.8151819,17.10258,31.31421
432,31,0.01077291,2877.589,0.6331342,25.00384,31.66554
433,93,0.03181956,2922.73,0.6678734,33.05103,32.09098
434,87,0.03563234,2441.602,0.579559,21.79832,16.59336
435,110,0.03860639,2849.27,0.8525234,18.75572,18.15243
436,36,0.01287086,2797.017,0.7527841,27.27493,19.64273
437,92,0.02482229,3706.347,0.7177945,29.50208,28.22982
438,119,0.05219721,2279.815,0.6743582,24.61839,36.48014
439,32,0.01001462,3195.329,0.6936505,21.3873,18.86096
440,20,0.002185481,9151.304,0.8463615,31.47676,21.76553
441,169,0.03854984,4383.935,0.7121375,27.98674,22.32509
442,43,0.01757,2447.353,0.5198931,37.87201,21.61835
443,51,0.009972154,5114.241,0.6806304,19.17736,32.21022
444,29,0.006370878,4551.963,0.7022634,28.07131,21.48826
445,86,0.02860585,3006.378,0.3174015,26.23878,42.28312
446,37,0.007051664,5246.989,0.7927545,28.2003,17.77295
447,50,0.01831292,2730.312,0.5884857,17.04007,33.0582
448,93,0.03770595,2466.454,0.5409963,27.7784,34.70395
449,66,0.01880379,3509.931,0.6849561,28.83536,32.2958
450,102,0.0504153,2023.196,0.7564859,38.52443,34.99012
451,20,0.00594845,3362.22,0.6462811,22.33036,19.08534
452,47,0.01906944,2464.677,0.6439985,27.67601,39.00938
453,128,0.033352,3837.851,0.7286407,24.67422,26.74422
454,111,0.0266928,4158.424,0.6445317,18.0593,33.01308
455,39,0.01549077,2517.627,0.7221489,30.82837,38.18889
456,33,0.01428717,2309.765,0.5434563,28.44943,38.80553
457,41,0.01282878,3195.938,0.7842352,21.57449,24.41161
458,87,0.01894232,4592.889,0.882258,26.78211,25.47499
459,89,0.03038609,2928.972,0.6239957,30.9116,31.57263
460,132,0.06301242,2094.825,0.7946683,19.00419,30.83692
461,36,0.01345399,2675.787,0.7841394,29.77483,19.76813
462,166,0.06150727,2698.868,0.7449444,24.14798,22.9454
463,64,0.0168015,3809.184,0.7535611,29.48862,24.71065
464,81,0.01659521,4880.927,0.9014484,28.82571,26.32529
465,22,0.005625007,3911.106,0.6909333,37.07041,31.84042
466,39,0.01266911,3078.354,0.3726217,26.78364,31.88823
467,38,0.01431969,2653.688,0.7618687,26.26618,29.30573
468,100,0.04310793,2319.759,0.7642701,27.14641,23.39998
469,17,0.005423211,3134.674,0.6762991,36.49388,34.41987
470,42,0.01787738,2349.337,0.60812,27.17496,33.94175
471,62,0.02478982,2501.027,0.8112709,41.0457,21.51371
472,36,0.01746337,2061.458,0.7611572,30.1122,27.84681
473,114,0.04428459,2574.259,0.7867544,26.35972,37.45351
474,54,0.01859065,2904.686,0.7542139,42.57207,25.45375
475,444,0.1121553,3958.797,0.6838582,27.34547,34.61074
476,44,0.01592257,2763.374,0.3229395,21.20667,36.08856
477,285,0.08671941,3286.461,0.5647554,18.928,25.02532
478,69,0.02521533,2736.43,0.6033434,26.61508,26.45201
479,97,0.03686769,2631.03,0.8289784,24.33271,23.41269
480,220,0.09413814,2336.991,0.8026384,24.41851,31.42447
481,33,0.01081455,3051.444,0.7005019,23.8614,30.63284
482,25,0.009084024,2752.084,0.7258353,29.92854,26.37948
483,26,0.00937965,2771.958,0.6427883,34.52128,32.00552
484,36,0.0119224,3019.526,0.6820307,21.50254,34.88577
485,145,0.05331324,2719.775,0.7872483,31.61273,28.34836
486,60,0.02258087,2657.116,0.7255703,19.73693,32.27984
487,25,0.008253817,3028.902,0.6490367,30.14379,18.63903
488,20,0.007479548,2673.958,0.3125386,23.70083,28.70559
489,24,0.006588024,3642.974,0.8161924,36.96914,34.4384
490,19,0.005820148,3264.522,0.6712294,30.43174,29.54923
491,27,0.009642018,2800.244,0.4214419,32.84616,26.04289
492,41,0.013135,3121.43,0.628556,30.55966,23.63263
493,12,0.002313202,5187.613,0.6688746,31.26962,26.90202
494,90,0.02774247,3244.124,0.7772608,27.52373,38.96483
495,62,0.01342842,4617.072,0.3302684,36.73343,23.43502
496,48,0.01825438,2629.507,0.629061,38.61584,23.52407
497,32,0.01103326,2900.323,0.7934839,25.97876,34.7944
498,21,0.009975104,2105.241,0.5787731,21.87924,18.83597
499,69,0.02505486,2753.957,0.6332769,28.70193,18.46834
500,19,0.005294326,3588.748,0.6836824,17.16507,28.26846
501,31,0.008919328,3475.598,0.6740205,25.75102,33.48028
502,24,0.007617672,3150.569,0.8121925,22.96949,32.88924
503,23,0.00302266,7609.191,0.7714689,26.70439,15.0091
504,52,0.02175913,2389.801,0.6872102,19.2216,38.29994
505,99,0.04519176,2190.665,0.6657862,31.4363,33.90639
506,47,0.01528321,3075.271,0.5849462,32.85584,17.40443
507,25,0.006867281,3640.451,0.7583994,21.215,16.26236
508,170,0.05785029,2938.62,0.5059203,21.3193,32.19573
509,33,0.01029467,3205.543,0.6815839,37.3024,24.4743
510,29,0.01081914,2680.434,0.9165086,24.11295,32.65963
511,61,0.01772155,3442.137,0.8208748,24.59019,38.65586
512,47,0.01355787,3466.621,0.7217064,25.51015,25.30552
513,89,0.03886318,2290.085,0.6962857,31.48142,36.83155
514,44,0.01109823,3964.595,0.8473856,36.87733,24.66836
515,69,0.02585688,2668.536,0.757685,18.69983,29.135
516,193,0.05397864,3575.489,0.7806649,17.7312,20.5874
517,101,0.0309636,3261.895,0.8407559,21.52182,28.3308
518,36,0.01106889,3252.359,0.7198383,29.84446,19.10687
519,34,0.01073772,3166.409,0.8111674,21.2979,32.91204
520,70,0.01498009,4672.869,0.507646,20.03245,26.57627
521,62,0.02348861,2639.578,0.8388935,30.0029,30.72997
522,39,0.01620963,2405.978,0.4461307,40.1454,33.29571
523,21,0.007254936,2894.581,0.7618045,34.26868,28.39791
524,34,0.01021171,3329.511,0.7214999,29.26968,14.89498
525,44,0.01975808,2226.937,0.781236,31.26781,35.33919
526,50,0.01942078,2574.562,0.573255,38.90825,29.7446
527,467,0.1750433,2667.912,0.606436,26.66456,16.9001
528,89,0.03385938,2628.519,0.7536316,20.09719,28.49469
529,81,0.02402135,3372,0.3513843,26.14514,34.69127
530,75,0.03548418,2113.618,0.6557818,37.30395,36.47122
531,15,0.005844719,2566.419,0.2851683,38.62327,35.46873
532,151,0.0547068,2760.168,0.7833518,20.7496,23.94702
533,36,0.01383387,2602.31,0.5463539,30.05147,19.80239
534,80,0.03143368,2545.041,0.5105963,30.18782,35.06567
535,63,0.01989433,3166.731,0.6191279,28.69602,39.48575
536,227,0.06815941,3330.428,0.5343883,32.69667,32.12692
537,95,0.03702543,2565.804,0.5444215,36.73318,30.3391
538,51,0.01706387,2988.771,0.7171209,35.00043,28.03167
539,33,0.01376858,2396.76,0.5851833,41.65374,29.82669
540,67,0.02774281,2415.04,0.4831417,37.16829,36.70992
541,81,0.02964969,2731.901,0.9044572,34.60355,19.89264
542,49,0.02111448,2320.683,0.6722791,17.23217,23.70473
543,89,0.02667631,3336.294,0.6094103,18.42299,20.30078
544,21,0.005021257,4182.219,0.9075717,27.30997,26.57463
545,278,0.06831654,4069.293,0.822,34.63279,30.52169
546,37,0.01603736,2307.113,0.4986507,34.79762,25.36692
547,143,0.05030505,2842.657,0.5337543,33.70494,31.4188
548,53,0.02222139,2385.089,0.4989641,36.98041,30.6456
549,66,0.01937209,3406.964,0.8446559,22.73407,29.74215
550,80,0.02712877,2948.898,0.798087,23.14179,15.71018
551,21,0.005775671,3635.941,0.6717892,20.23009,24.16992
552,17,0.003950494,4303.259,0.4433379,31.23001,19.55983
553,105,0.04762566,2204.694,0.8610534,29.06986,34.24157
554,165,0.06011527,2744.727,0.8059475,33.40731,40.09387
555,45,0.01633616,2754.625,0.6548815,24.87309,36.09438
556,22,0.006642212,3312.15,0.7462938,24.54368,30.45133
557,44,0.009884657,4451.343,0.5552104,32.65531,27.3575
558,130,0.04397731,2956.07,0.6712972,39.78511,32.30894
559,25,0.006001464,4165.65,0.7703909,22.75568,19.20586
560,13,0.002519471,5159.812,0.9493153,39.49365,32.26888
561,101,0.03892127,2594.982,0.7668831,19.31808,18.02885
562,19,0.005293785,3589.115,0.606189,36.02131,25.51526
563,62,0.01300533,4767.278,0.8543937,23.97303,24.96044
564,97,0.04749246,2042.429,0.7155442,25.74274,34.90792
565,52,0.01932291,2691.106,0.8111067,25.94604,41.6091
566,21,0.005447112,3855.254,0.7320837,30.73001,27.76086
567,72,0.02929036,2458.147,0.3016326,25.04847,39.41582
568,26,0.01019391,2550.543,0.6621014,35.97958,31.2872
569,17,0.004914489,3459.159,0.8595819,23.57936,31.78685
570,31,0.006294809,4924.693,0.8818423,23.0611,22.93602
571,25,0.001276107,19590.83,0.7373189,27.62974,15.06057
572,76,0.02960143,2567.444,0.5574526,25.264,31.3245
573,34,0.01264695,2688.395,0.7594008,38.84719,33.82868
574,24,0.007032095,3412.923,0.8154041,17.59819,20.80134
575,47,0.02039182,2304.845,0.7379135,38.48693,31.90956
576,79,0.01394008,5667.113,0.7063611,27.88965,17.44547
577,77,0.02672431,2881.272,0.7120023,24.90714,36.45535
578,26,0.01064543,2442.362,0.5665854,25.14012,28.67234
579,91,0.01751256,5196.27,0.5440542,27.68445,43.98263
580,64,0.01592169,4019.674,0.7096522,20.38069,17.97186
581,88,0.0297428,2958.699,0.5683404,22.94243,24.91778
582,40,0.01719954,2325.643,0.592857,36.20831,21.76967
583,55,0.02139033,2571.256,0.8398051,30.58,34.5092
584,49,0.01884071,2600.752,0.6868795,36.47961,37.08279
585,70,0.02477738,2825.158,0.4538836,30.11943,24.76237
586,48,0.0117556,4083.159,0.5703226,16.60395,24.59328
587,35,0.01114072,3141.629,0.5608657,19.85229,22.75099
588,45,0.02051887,2193.104,0.7501376,41.97063,26.41117
589,15,0.002986724,5022.225,0.809122,39.83024,27.11506
590,69,0.01393576,4951.292,0.6327975,20.30892,16.47524
591,46,0.02051118,2242.679,0.586894,32.9455,24.23228
592,145,0.0513653,2822.917,0.8642904,29.32124,15.22615
593,55,0.02061525,2667.928,0.8048149,31.26424,35.56415
594,21,0.008383524,2504.913,0.5008817,31.87308,31.74787
595,103,0.02375089,4336.68,0.5180944,41.45755,21.67723
596,53,0.01795959,2951.07,0.7140886,26.40505,37.66957
597,62,0.01927328,3216.89,0.8461149,30.62826,42.63645
598,148,0.05873561,2519.766,0.842057,23.83785,31.39188
599,18,0.003165064,5687.089,0.4371904,21.28051,26.09572
600,17,0.004862939,3495.829,0.5696274,29.03857,26.72835
601,48,0.01858173,2583.183,0.8104512,34.18843,33.57685
602,81,0.02170343,3732.129,0.4897219,21.7812,31.25086
603,24,0.007120346,3370.623,0.7922803,25.40715,43.55722
604,44,0.01444877,3045.243,0.3634051,37.2911,25.00535
605,67,0.01682056,3983.222,0.7977663,18.87112,21.69587
606,179,0.04943792,3620.702,0.7325816,36.38635,25.77608
607,43,0.01185936,3625.827,0.873076,28.96252,22.24605
608,108,0.04518585,2390.129,0.8611218,24.40086,30.62195
609,24,0.009075313,2644.537,0.3656333,42.32728,25.01289
610,52,0.0140895,3690.692,0.5553998,39.93996,23.04411
611,111,0.04177996,2656.776,0.7886102,34.25644,27.97034
612,42,0.01141791,3678.431,0.7116471,17.66058,22.65306
613,45,0.009660997,4657.904,0.8114007,41.1757,26.0019
614,37,0.01167241,3169.869,0.6249979,42.38327,26.29435
615,50,0.01557801,3209.652,0.6116788,39.53248,20.77022
616,20,0.004469321,4474.953,0.9366275,23.31546,15.75501
617,45,0.02137487,2105.276,0.6321117,36.82222,34.04163
618,78,0.03318258,2350.631,0.3916129,36.73395,30.56342
619,28,0.008652815,3235.941,0.5387241,30.61802,27.68119
620,86,0.02543947,3380.574,0.7228469,32.86588,21.01257
621,27,0.007716156,3499.152,0.9049194,32.53743,24.9963
622,173,0.04206205,4112.971,0.6830646,27.2846,25.90506
623,76,0.03263949,2328.468,0.8402191,33.05511,27.68504
624,25,0.007036864,3552.719,0.7046182,35.92781,19.18753
625,75,0.02691013,2787.054,0.8209409,16.97681,25.34273
626,35,0.009726006,3598.6,0.467116,38.92088,19.49381
627,102,0.03401314,2998.841,0.7469061,38.77917,31.9423
628,20,0.006517715,3068.56,0.7697214,37.27994,24.7771
629,236,0.07656009,3082.546,0.6947818,30.39931,24.10888
630,317,0.07359106,4307.588,0.8067048,36.78845,17.30005
631,19,0.005066058,3750.45,0.4746825,41.79874,28.93059
632,44,0.01452668,3028.909,0.3817347,40.64963,32.78978
633,70,0.03145099,2225.685,0.797335,29.46313,41.61149
634,19,0.005663293,3354.938,0.6252827,33.38033,33.14249
635,102,0.04365371,2336.571,0.6989022,28.93668,36.63514
636,19,0.006325162,3003.876,0.6197838,19.76506,34.52461
637,159,0.05957,2669.129,0.8536933,26.6677,26.08492
638,125,0.03306675,3780.233,0.7547504,27.3206,26.37029
639,42,0.01539899,2727.451,0.3545569,32.45333,32.19425
640,47,0.01459457,3220.376,0.791019,23.37624,39.97059
641,53,0.01879076,2820.534,0.8574516,25.98572,23.16631
642,94,0.03857326,2436.921,0.4152593,42.91216,24.84419
643,119,0.04105616,2898.469,0.5647577,35.37973,28.8898
644,17,0.005290566,3213.267,0.4322555,23.76221,23.73194
645,43,0.01783929,2410.41,0.3612979,39.45612,30.77764
646,47,0.0164162,2863.025,0.3592479,27.32209,23.46214
647,33,0.00798494,4132.78,0.8080814,21.15668,35.90103
648,25,0.007752826,3224.63,0.7906336,36.6184,27.46603
649,33,0.01190017,2773.07,0.788964,31.71306,32.64255
650,130,0.04612906,2818.18,0.6788592,33.95468,31.66566
651,23,0.00619216,3714.374,0.7067791,18.61311,32.65981
652,25,0.007612854,3283.919,0.7268652,35.23277,26.20246
653,43,0.0163155,2635.531,0.4601541,39.03272,35.93162
654,100,0.04334037,2307.318,0.590326,42.42317,28.71263
655,26,0.00816743,3183.376,0.7181923,16.1489,25.94672
656,58,0.03060411,1895.17,0.8177156,33.86182,17.20416
657,63,0.0189649,3321.926,0.5656677,19.74525,25.09547
658,24,0.006236461,3848.336,0.1901396,25.804,20.51228
659,13,0.003864678,3363.799,0.6524492,19.05045,20.68559
660,94,0.03946088,2382.106,0.5237966,26.77222,32.87597
661,18,0.002823988,6373.964,0.739418,37.13746,35.38982
662,20,0.00709234,2819.944,0.6349595,26.15389,25.35697
663,122,0.0439623,2775.105,0.7061554,43.06934,25.97586
664,21,0.005228973,4016.085,0.6851201,26.53688,18.92814
665,78,0.02374467,3284.947,0.6268172,20.12256,34.77337
666,31,0.0114506,2707.282,0.7292925,34.30095,31.23564
667,46,0.01379838,3333.723,0.6538817,30.1319,21.39482
668,119,0.0343269,3466.669,0.7215776,30.76448,31.36689
669,45,0.01719636,2616.833,0.679,20.48623,18.17791
670,17,0.005251409,3237.226,0.4370509,31.92717,38.38348
671,34,0.01077597,3155.168,0.4486032,32.83967,31.04097
672,22,0.006028627,3649.255,0.4271522,37.07479,16.74509
673,79,0.02342135,3372.991,0.8588167,19.07007,35.89383
674,39,0.01063882,3665.819,0.845754,40.07856,34.19282
675,51,0.01797657,2837.026,0.7530615,29.4745,25.73504
676,42,0.01207594,3477.99,0.7809542,26.6674,18.82128
677,17,0.006231485,2728.082,0.5603271,37.252,22.58229
678,31,0.01247941,2484.092,0.560315,37.05564,22.47852
679,76,0.01670036,4550.801,0.2499547,22.43054,22.3358
680,35,0.01193062,2933.629,0.807369,29.06391,20.66454
681,136,0.05578936,2437.741,0.9062491,25.55302,23.45214
682,16,0.004517999,3541.391,0.6842858,30.84411,30.85768
683,33,0.004650545,7095.942,0.8371921,27.20944,37.91656
684,176,0.05439563,3235.554,0.851391,32.73953,30.08325
685,40,0.01098756,3640.479,0.6957102,28.81938,27.30379
686,52,0.02491835,2086.816,0.4407595,33.03885,40.62348
687,40,0.01127927,3546.33,0.811458,32.74164,29.01635
688,86,0.0379635,2265.334,0.8981656,18.74553,30.63599
689,86,0.02829278,3039.645,0.8457291,23.70628,35.57887
690,24,0.007982942,3006.41,0.5654028,27.75842,37.98668
691,113,0.04725698,2391.181,0.6094911,22.03497,18.59549
692,49,0.01717063,2853.709,0.7509613,25.23533,26.57654
693,12,0.003702636,3240.934,0.8039823,36.97851,22.53961
694,34,0.01539339,2208.74,0.5906377,32.97492,24.46619
695,34,0.009811107,3465.46,0.8124311,31.65873,41.74267
696,48,0.01756566,2732.605,0.8506289,29.23101,28.45866
697,26,0.008714175,2983.645,0.4768738,36.73158,23.2582
698,21,0.006194886,3389.893,0.6503745,25.39707,34.9679
699,35,0.01026316,3410.257,0.7017632,25.67347,17.43362
700,72,0.02495934,2884.691,0.745907,37.41804,21.15423
701,42,0.01303599,3221.848,0.6991646,31.68285,28.1109
702,30,0.006616551,4534.084,0.8472313,36.65994,18.77238
703,35,0.01663826,2103.585,0.5636355,36.96621,22.28975
704,24,0.006286512,3817.697,0.7794198,27.26416,36.77492
705,27,0.009272893,2911.713,0.7158889,31.26535,35.18066
706,51,0.01578129,3231.676,0.4044759,23.06525,22.76052
707,22,0.007927019,2775.318,0.6976223,27.52113,36.50866
708,25,0.005076047,4925.092,0.7853922,26.47408,14.06343
709,23,0.005956182,3861.534,0.7256857,39.13066,36.98589
710,39,0.01801139,2165.296,0.5403391,33.5175,32.20213
711,85,0.03192977,2662.093,0.8774433,29.07121,15.26311
712,19,0.006104027,3112.699,0.6692801,29.82455,35.19203
713,23,0.004640119,4956.769,0.9076087,36.7637,27.61655
714,72,0.02945732,2444.214,0.5160677,35.98932,22.84657
715,41,0.008676961,4725.157,0.8308147,24.27097,32.71638
716,64,0.02287357,2797.989,0.5650805,33.3017,32.29581
717,21,0.005722688,3669.604,0.885598,37.02255,19.49681
718,74,0.02426829,3049.247,0.4689367,24.23369,31.25259
719,43,0.007588239,5666.664,0.7875943,39.37495,23.52599
720,23,0.008253667,2786.64,0.6795148,16.51182,32.13869
721,118,0.03271884,3606.485,0.7321652,30.69562,39.84813
722,36,0.0117661,3059.637,0.4406543,37.25361,30.56158
723,73,0.02448189,2981.795,0.6680785,19.70723,39.76368
724,28,0.01113546,2514.491,0.5964931,16.72366,24.65861
725,35,0.01615258,2166.837,0.740018,28.72296,27.1331
726,53,0.02127066,2491.696,0.8260486,29.69688,35.28502
727,42,0.01850697,2269.416,0.8761602,19.39696,34.41062
728,31,0.01109545,2793.939,0.6606705,37.391,33.45224
729,23,0.005659164,4064.204,0.7247212,27.65825,29.35672
730,21,0.006971998,3012.049,0.6824907,39.86087,24.43888
731,82,0.04142908,1979.286,0.6789516,31.97602,27.19949
732,22,0.006470441,3400.077,0.7586751,36.71196,26.8294
733,48,0.01853526,2589.658,0.4639339,36.46426,30.97225
734,30,0.00734346,4085.268,0.5795951,30.20664,38.53594
735,156,0.0408175,3821.89,0.6601961,17.55704,34.04036
736,24,0.006123369,3919.411,0.1046095,30.97718,35.67505
737,32,0.01103906,2898.796,0.7249075,25.73468,15.67722
738,61,0.0178803,3411.575,0.8171172,32.76934,40.44278
739,40,0.01486483,2690.915,0.4746353,30.51402,41.05092
740,51,0.01533327,3326.1,0.6731172,26.83445,27.90557
741,52,0.02172464,2393.595,0.4923356,21.07706,20.2898
742,66,0.01602853,4117.658,0.6681374,30.51538,41.71418
743,40,0.01702418,2349.599,0.6224847,25.49495,27.5115
744,21,0.005072442,4140.018,0.7746713,23.69402,15.47017
745,26,0.007072608,3676.155,0.6598363,17.25945,34.67241
746,75,0.02597006,2887.941,0.5414578,16.79405,28.2483
747,96,0.01850031,5189.103,0.7603254,25.50486,14.98162
748,59,0.009703346,6080.377,0.4620399,23.58743,15.46348
749,29,0.008112985,3574.517,0.7685213,35.21496,19.08986
750,32,0.008933564,3581.997,0.9228995,24.21687,33.66072
751,41,0.01203142,3407.745,0.5923186,17.07714,31.63271
752,21,0.00508047,4133.476,0.5154812,18.88837,37.07117
753,174,0.04272337,4072.713,0.5300796,22.62673,34.82648
754,54,0.01880296,2871.888,0.6682416,36.80638,32.37697
755,43,0.01794653,2396.006,0.3632195,34.28619,32.6146
756,40,0.01495508,2674.677,0.2978778,17.32162,24.00479
757,30,0.009786407,3065.477,0.7787414,41.88266,27.32949
758,38,0.01144575,3320.011,0.6297734,31.02507,40.65212
759,59,0.02488722,2370.695,0.5615801,26.58967,40.13232
760,49,0.01375065,3563.467,0.8238957,27.36089,25.37197
761,26,0.01055931,2462.281,0.7605686,31.66986,30.30008
762,73,0.02958138,2467.769,0.7265473,36.4058,37.2705
763,32,0.01169588,2736.007,0.8418198,21.7712,32.57978
764,56,0.02137584,2619.78,0.7417616,22.13788,22.72032
765,99,0.03596191,2752.913,0.7556549,36.91919,19.84393
766,17,0.00398953,4261.153,0.8404394,29.95358,36.98684
767,36,0.01371505,2624.853,0.5735202,24.88485,29.37711
768,33,0.009655344,3417.796,0.8413228,32.99639,20.21144
769,90,0.01226866,7335.762,0.7492931,29.42579,24.98604
770,44,0.01415108,3109.302,0.8217589,20.97351,35.37122
771,69,0.02702329,2553.354,0.7491958,33.39598,15.98583
772,52,0.02346119,2216.427,0.6579936,29.29021,25.61839
773,76,0.02358733,3222.069,0.752008,32.36728,23.64442
774,59,0.02743749,2150.342,0.8114028,36.71841,31.12936
775,30,0.01026012,2923.943,0.7958875,29.26477,20.94531
776,72,0.02629592,2738.067,0.5433932,24.6393,16.40423
777,20,0.005659616,3533.809,0.7620495,36.02071,33.37122
778,111,0.02792494,3974.942,0.6474769,29.50291,39.25588
779,110,0.03614741,3043.095,0.600832,27.61767,37.55579
780,71,0.02001092,3548.063,0.9360536,18.242,16.68253
781,17,0.003649119,4658.658,0.7404025,32.75715,24.87868
782,23,0.008633735,2663.969,0.7498369,30.49771,32.72779
783,30,0.008879564,3378.544,0.7283899,36.81049,22.82536
784,53,0.02277592,2327.019,0.7231634,18.36643,34.20129
785,69,0.02919739,2363.225,0.5932966,35.38406,31.42816
786,23,0.007286591,3156.483,0.7666895,22.09736,36.27169
787,72,0.02174729,3310.758,0.76743,22.90984,17.87722
788,114,0.04891846,2330.409,0.769822,37.8325,25.60316
789,37,0.014424,2565.169,0.8904418,31.33454,36.71562
790,22,0.006526707,3370.766,0.6180124,23.83149,35.73895
791,19,0.004872139,3899.724,0.615858,39.22793,23.831
792,64,0.02231797,2867.645,0.806929,28.64298,26.15373
793,17,0.00603324,2817.723,0.5412552,23.41115,42.8119
794,18,0.004477127,4020.436,0.4939599,31.85941,25.36059
795,41,0.01443298,2840.717,0.5137912,25.06503,36.61964
796,55,0.01970436,2791.26,0.5307965,37.4419,24.84574
797,41,0.01458304,2811.485,0.5595367,40.64027,26.79742
798,29,0.007094154,4087.873,0.6887565,22.26415,17.48842
799,82,0.02913319,2814.659,0.8356576,24.87543,18.92048
800,30,0.007976023,3761.273,0.7305207,25.2185,30.28566
801,75,0.02031291,3692.233,0.7394234,19.10674,22.32262
802,85,0.01054431,8061.218,0.5651453,17.29559,25.07717
803,21,0.006876034,3054.086,0.7090303,27.45201,23.02491
804,25,0.009412739,2655.975,0.6554037,31.06037,32.81786
805,15,0.004401071,3408.262,0.8434475,37.13803,22.38891
806,74,0.02950362,2508.167,0.5617782,38.8176,23.67231
807,37,0.012567,2944.218,0.5174523,35.00044,17.79576
808,19,0.005955799,3190.168,0.3582021,27.35974,36.60674
809,47,0.01595564,2945.667,0.6809637,38.00388,27.24303
810,36,0.01463901,2459.183,0.5063228,18.86105,32.38602
811,53,0.01877291,2823.218,0.5395853,32.77102,33.16957
812,37,0.01133499,3264.227,0.6950262,20.64223,23.38233
813,46,0.01410832,3260.488,0.7110124,17.22268,24.66717
814,37,0.01390876,2660.193,0.6264792,34.35936,17.22818
815,40,0.01023515,3908.1,0.7406155,39.97123,23.37524
816,94,0.0223852,4199.203,0.6063957,37.63211,25.68428
817,48,0.01365539,3515.097,0.8801711,29.46104,15.08697
818,37,0.008491448,4357.325,0.6531466,25.56892,17.26015
819,21,0.003677446,5710.484,0.9214854,19.12493,19.85458
820,24,0.01025381,2340.594,0.724408,18.67617,22.16941
821,17,0.004220536,4027.924,0.6803969,32.09768,22.2392
822,67,0.01835119,3650.989,0.3904328,29.82239,40.23493
823,48,0.02042769,2349.752,0.7970144,21.44267,16.33737
824,11,0.00315855,3482.611,0.8121954,40.02201,25.95966
825,109,0.03072103,3548.059,0.2491132,22.89846,15.56159
826,65,0.01577752,4119.787,0.6664912,32.8685,21.68275
827,23,0.007703543,2985.639,0.842224,31.34491,15.60178
828,116,0.03056226,3795.53,0.3790332,23.71539,29.65882
829,12,0.003740118,3208.455,0.8938299,21.21945,32.36428
830,86,0.01863943,4613.874,0.5532675,31.60143,15.40245
831,44,0.01168943,3764.085,0.74594,21.71102,32.38292
832,25,0.009167084,2727.149,0.8196361,28.69734,34.00676
833,30,0.007458551,4022.229,0.6248821,24.82364,20.89863
834,19,0.00673918,2819.334,0.7696271,39.25574,30.75671
835,23,0.008085256,2844.684,0.73976,32.76062,31.82743
836,22,0.006554292,3356.579,0.9114414,37.15048,21.50597
837,59,0.01611412,3661.385,0.6515833,18.4013,31.36639
838,59,0.01826258,3230.649,0.5515418,32.38431,29.44577
839,26,0.007080682,3671.963,0.5758876,29.02113,21.20134
840,24,0.008800812,2727.021,0.4735843,20.00479,26.12173
841,25,0.01088804,2296.098,0.4747301,36.45321,31.27631
842,37,0.009773294,3785.827,0.6404425,29.19094,36.75238
843,24,0.009046532,2652.95,0.5722966,19.73372,18.13212
844,17,0.004759251,3571.99,0.4108006,30.11016,22.42145
845,91,0.01607505,5660.946,0.6782436,20.05883,17.40939
846,40,0.01200187,3332.815,0.9005163,40.35351,27.25534
847,86,0.03098464,2775.568,0.6564743,20.61032,31.06098
848,45,0.01255913,3583.05,0.6148911,29.32073,14.69902
849,182,0.04778045,3809.089,0.7228225,30.99067,29.41373
850,75,0.03069639,2443.284,0.6224679,21.471,17.14347
851,37,0.01458374,2537.073,0.4885678,38.58319,25.4253
852,59,0.02170595,2718.149,0.6780761,17.05018,32.75808
853,42,0.01306716,3214.164,0.6308159,23.88079,33.33138
854,26,0.008571663,3033.25,0.8146887,31.63419,18.50572
855,31,0.006759384,4586.217,0.8052878,26.61545,16.15243
856,50,0.01671149,2991.953,0.7268317,31.21169,20.77708
857,23,0.007467713,3079.926,0.5811712,32.01559,19.24102
858,44,0.01060303,4149.757,0.8568345,20.24191,20.90979
859,47,0.01536048,3059.8,0.6966571,34.24029,23.23081
860,17,0.005744191,2959.511,0.495981,29.6014,19.62446
861,38,0.01560499,2435.118,0.6638649,18.70156,19.85212
862,241,0.04452352,5412.87,0.4324736,32.01711,31.5309
863,17,0.003789124,4486.525,0.5685019,31.35641,34.41663
864,37,0.01426936,2592.969,0.7266492,25.67332,26.95985
865,17,0.005133703,3311.45,0.7188597,29.22544,22.87227
866,37,0.01398281,2646.105,0.6313903,28.2624,38.02559
867,31,0.009349225,3315.783,0.7286841,27.58922,29.17811
868,28,0.007979346,3509.059,0.7344592,31.22701,34.25779
869,17,0.00431737,3937.582,0.7786344,40.07215,32.89106
870,14,0.001291781,10837.75,0.8613009,29.42637,31.08397
871,85,0.03970931,2140.556,0.750033,27.0428,23.1703
872,22,0.006260912,3513.865,0.4213015,21.68737,25.46215
873,35,0.01269252,2757.53,0.6275672,35.00759,22.29149
874,17,0.005409024,3142.896,0.5449255,23.32859,23.34908
875,50,0.00172361,29008.88,0.9498086,29.79761,32.29967
876,42,0.0160145,2622.623,0.8302622,34.35217,39.3799
877,17,0.004405571,3858.75,0.6310663,20.35893,16.32909
878,43,0.01282641,3352.459,0.6489065,29.51887,23.92354
879,53,0.02280414,2324.139,0.7501052,31.11858,20.21364
880,27,0.005357676,5039.499,0.7771132,33.07749,24.59237
881,55,0.02299097,2392.243,0.5865676,42.55877,26.56098
882,13,0.00412201,3153.802,0.7120438,25.91961,29.40985
883,20,0.006292711,3178.281,0.570132,38.65153,36.71478
884,49,0.01489088,3290.604,0.678968,33.07294,16.06325
885,43,0.008237282,5220.168,0.6618074,25.52453,18.6733
886,35,0.01510205,2317.566,0.6663,33.14629,37.86693
887,105,0.03584123,2929.587,0.5948786,25.4528,27.35499
888,77,0.01350856,5700.089,0.765067,27.38931,27.83494
889,31,0.007125399,4350.634,0.7868263,18.77497,21.5483
890,37,0.007492542,4938.244,0.6482429,38.08881,18.90656
891,49,0.01573012,3115.042,0.6391258,27.99927,14.76238
892,28,0.01097556,2551.123,0.5320252,37.20155,23.3513
893,27,0.006001184,4499.112,0.8109055,24.32597,40.85136
894,8,0.003108752,2573.38,0.5727285,22.97429,18.02407
895,62,0.0219116,2829.551,0.8725021,28.87064,34.23911
896,25,0.009177496,2724.055,0.6823924,17.33212,28.53839
897,27,0.008218027,3285.46,0.6360776,26.05759,36.24467
898,20,0.004259689,4695.179,0.7849035,31.99044,35.24776
899,60,0.03071887,1953.197,0.7487811,38.37848,24.80884
900,18,0.004173041,4313.401,0.3177819,37.3436,36.0104
901,17,0.006925792,2454.593,0.2589614,31.34786,19.76585
902,24,0.006709264,3577.143,0.8492111,28.81224,14.73695
903,22,0.005178075,4248.683,0.8297784,27.31144,19.36048
904,23,0.009292106,2475.219,0.8313982,23.01054,30.64585
905,53,0.01739514,3046.829,0.6576548,28.21085,35.23965
906,27,0.009620294,2806.567,0.6762002,17.98439,34.56375
907,52,0.02212139,2350.666,0.7799901,25.29085,15.88615
908,31,0.005819187,5327.205,0.5770218,24.50628,42.42256
909,17,0.005223458,3254.549,0.6001646,21.94196,21.71624
910,18,0.004495072,4004.385,0.5051357,42.09768,24.81325
911,24,0.009121268,2631.213,0.4941254,29.49313,36.78772
912,17,0.004345602,3912.001,0.5325345,37.35826,19.46709
913,20,0.00348499,5738.896,0.7340899,17.3083,32.55816
914,93,0.03479451,2672.836,0.8088543,23.90577,24.58626
915,29,0.01323288,2191.511,0.5861691,38.1756,33.30613
916,21,0.005133544,4090.741,0.6149182,30.80848,20.29198
917,23,0.008037007,2861.762,0.6358027,33.09199,24.09039
918,22,0.008047143,2733.89,0.6028845,18.17734,37.00095
919,48,0.01762688,2723.114,0.6639752,32.94889,31.83994
920,46,0.01337505,3439.24,0.6716289,34.72228,32.34953
921,17,0.004446445,3823.279,0.6933982,31.64727,22.37893
922,35,0.009132706,3832.38,0.4633093,24.40885,40.45396
923,31,0.007482229,4143.15,0.6486379,30.41444,23.74207
924,31,0.01443513,2147.539,0.5903064,37.08266,35.66759
925,61,0.02415675,2525.174,0.4304459,28.35734,14.68764
926,52,0.01642683,3165.553,0.6855956,30.37151,19.69102
927,17,0.002250628,7553.446,0.7573084,36.91845,24.4426
928,17,0.004559119,3728.791,0.3013276,39.25426,26.27049
929,34,0.004312703,7883.686,0.7972755,23.47878,15.61668
930,17,0.004521777,3759.583,0.3197626,24.98075,39.58694
931,53,0.01036171,5114.985,0.7244044,20.49668,15.57889
932,59,0.01961938,3007.23,0.7771594,30.88967,21.53906
933,36,0.009629158,3738.645,0.828474,16.86398,24.22266
934,17,0.003965742,4286.713,0.5753552,32.71189,17.18537
935,14,0.002701464,5182.376,0.8798415,19.53393,25.97785
936,17,0.002394875,7098.491,0.8058688,29.64445,37.92216
937,33,0.01100622,2998.305,0.6646059,33.41766,19.21329
938,17,0.00208684,8146.29,0.8198803,36.50718,27.39591
939,35,0.01293703,2705.413,0.520954,32.04197,24.1777
940,34,0.0125074,2718.392,0.8146719,24.85201,39.81694
941,18,0.004005519,4493.8,0.3314586,35.97344,35.29159
942,69,0.02266249,3044.679,0.3140069,38.16702,32.60326
943,18,0.005756951,3126.655,0.546145,28.02529,27.03451
944,17,0.004507054,3771.865,0.5546507,26.43092,29.2738
945,17,0.004632818,3669.473,0.8095046,42.62186,24.51869
946,48,0.01524547,3148.477,0.8044239,26.06449,41.64106
947,10,0.002570543,3890.229,0.820671,33.74504,17.14844
948,25,0.009118325,2741.732,0.9094545,29.49078,33.60434
949,27,0.006169189,4376.588,0.8586279,27.33927,30.29768
950,37,0.0104974,3524.684,0.866862,32.56306,31.75623
951,41,0.01588585,2580.913,0.70713,38.65844,24.29229
952,17,0.004158227,4088.281,0.7107333,38.52748,24.73809
953,17,0.005577477,3047.973,0.7489021,26.9158,39.52623
954,19,0.005311704,3577.007,0.7191638,42.21431,24.37172
955,50,0.01744829,2865.611,0.8471199,29.38011,27.30829
956,28,0.003478505,8049.434,0.7139632,25.81678,36.64496
957,21,0.00720638,2914.084,0.7140267,32.89897,28.77114
958,29,0.007419465,3908.637,0.7836689,22.65243,21.45043
959,17,0.003404827,4992.912,0.8585646,23.16019,38.05931
960,10,0.002568258,3893.691,0.8829457,38.5137,24.67132
961,18,0.00443237,4061.032,0.5860731,26.37541,22.97247
962,17,0.006269048,2711.736,0.4657629,41.4924,27.82293
963,90,0.01632035,5514.589,0.5858021,24.95995,15.49656
964,26,0.007902293,3290.184,0.817115,36.78397,24.93525
965,21,0.007355622,2854.959,0.7136624,37.37345,24.67461
966,17,0.003320397,5119.87,0.5600312,37.54362,33.65956
967,32,0.01137409,2813.411,0.2922515,31.44623,35.86725
968,28,0.008832445,3170.13,0.6695344,29.54251,23.70208
969,26,0.009175127,2833.748,0.8279758,24.11723,34.97387
970,31,0.01134727,2731.934,0.773589,29.80768,27.32055
971,34,0.01398417,2431.321,0.5691745,33.36747,17.08222
972,29,0.002329329,12449.94,0.9573579,18.80771,25.7393
973,25,0.00904139,2765.062,0.5176976,20.46017,20.88
974,23,0.005656008,4066.472,0.8808589,33.0108,26.59194
975,32,0.008292777,3858.78,0.8210603,17.03827,24.24282
976,20,0.00578938,3454.601,0.7256348,26.93746,34.04348
977,51,0.01041672,4895.976,0.5143403,27.24906,27.78017
978,23,0.00493117,4664.208,0.6754919,25.74384,36.49967
979,25,0.009546497,2618.762,0.7186365,30.90169,39.97874
980,25,0.008915812,2804.007,0.6097165,18.7347,25.83215
981,20,0.006036578,3313.135,0.7221704,36.91228,17.97512
982,17,0.005320625,3195.113,0.5175963,23.65495,24.25742
983,25,0.008403078,2975.1,0.7816064,30.54836,27.13407
984,40,0.01083861,3690.511,0.8974776,26.32124,34.96054
985,33,0.01315492,2508.568,0.7419645,22.2848,24.70367
986,36,0.004210843,8549.356,0.7775948,31.20021,23.537
987,18,0.002267274,7939.048,0.9208744,21.04866,17.48591
988,17,0.003773713,4504.847,0.3542761,20.8338,39.97738
989,23,0.007204806,3192.314,0.7298802,18.50129,20.07925
990,20,0.006718818,2976.714,0.4532797,18.92641,18.50028
991,32,0.01309422,2443.826,0.5997877,32.40808,22.16872
992,17,0.003319741,5120.881,0.7382678,24.37282,35.72594
993,19,0.006172844,3077.998,0.7280017,31.84718,40.64251
994,8,0.001997809,4004.386,0.7920436,32.21373,38.09315
995,25,0.002022694,12359.75,0.6984036,19.29978,18.72884
996,18,0.005427822,3316.247,0.5292643,29.9059,24.76743
997,20,0.006894349,2900.927,0.6562818,23.71462,37.67611
998,36,0.004727997,7614.218,0.8517848,25.21429,26.73165
999,21,0.007329627,2865.084,0.3288434,40.74147,21.92525
1000,27,0.005511447,4898.895,0.5616256,32.74195,19.70241
1001,17,0.003734709,4551.895,0.71631,28.13552,25.70607
1002,24,0.007850597,3057.093,0.7587075,23.98704,30.41519
1003,17,0.004122905,4123.307,0.7786819,20.81725,40.84615
