ID,nrpts,area,density,ecc,center_1,center_2
1,197,0.06695046,2942.474,0.7013715,25.48108,17.56137
2,553,0.1961091,2819.858,0.5692314,20.52035,20.36979
3,306,0.1025682,2983.381,0.4874628,16.42416,25.90676
4,4998,1.571364,3180.676,0.8645791,39.48613,26.96596
5,455,0.1835399,2479.026,0.7081059,18.06054,26.50576
6,2562,0.6892454,3717.109,0.8794496,37.58963,29.64385
7,1781,0.5085164,3502.345,0.7978444,29.9233,33.39184
8,1419,0.3435505,4130.397,0.7296624,32.77372,33.85786
9,652,0.1620044,4024.581,0.6272433,34.30929,36.53557
10,3042,0.9602145,3168.042,0.8800799,35.46196,37.20866
11,2254,0.5886449,3829.134,0.9398851,33.78417,37.69217
12,2002,0.6945092,2882.611,0.9433618,28.57121,42.20921
13,266,0.0893349,2977.56,0.8432471,23.7873,41.78125
14,883,0.3398453,2598.241,0.8280884,28.84822,42.68888
15,4462,1.273435,3503.91,0.9092194,39.88258,29.64806
16,1319,0.3014638,4375.318,0.7942719,39.56496,31.83641
17,2528,0.7660773,3299.928,0.4304151,36.40837,35.7113
18,129,0.04841758,2664.322,0.8125239,38.08688,20.45177
19,239,0.0968708,2467.204,0.7438692,17.90569,22.74553
20,1631,0.5098512,3198.972,0.5435719,31.1107,27.42686
21,1564,0.3487006,4485.223,0.861918,27.87641,27.67481
23,176,0.05239698,3358.972,0.7717249,27.64621,31.08618
25,3067,0.8274871,3706.402,0.7827877,21.27525,37.73913
26,1062,0.2971712,3573.698,0.6812492,19.87687,25.45439
28,507,0.1597086,3174.532,0.8498055,35.24146,29.9946
29,190,0.05884808,3228.653,0.4229357,33.27544,29.4841
30,164,0.06138434,2671.691,0.5581192,26.37906,17.25331
31,194,0.06586697,2945.331,0.8231933,22.97443,32.62237
32,1352,0.4177265,3236.568,0.8197981,32.20487,25.66593
33,701,0.2025736,3460.47,0.6798007,24.94989,25.34027
34,183,0.07150829,2559.144,0.8920656,39.57587,22.12398
35,2347,0.6277524,3738.735,0.7950043,20.1677,38.30696
36,1911,0.5480771,3486.736,0.6356515,20.25889,39.21645
37,702,0.2922884,2401.738,0.639674,21.09587,40.23016
38,992,0.2402461,4129.1,0.8137931,39.38675,32.70564
39,4076,1.117006,3649.039,0.8958972,36.90236,33.12817
40,578,0.1862685,3103.047,0.8029698,34.48945,39.57404
41,1115,0.2473076,4508.555,0.8568028,22.6296,41.26822
42,76,0.03923178,1937.205,0.424991,40.90005,21.04925
43,361,0.08680017,4158.978,0.515096,19.35553,24.81629
44,4644,1.353004,3432.362,0.943977,37.83895,34.05418
45,510,0.1766784,2886.601,0.7921399,23.17343,17.58976
46,675,0.1757785,3840.061,0.9417515,21.00503,41.09706
47,356,0.07020312,5071,0.6880565,23.59608,31.9967
48,571,0.176443,3236.173,0.8608002,41.29675,22.65705
49,1026,0.3558119,2883.546,0.7214608,39.04592,28.50335
50,2374,0.6101388,3890.918,0.8599201,37.16066,28.01544
51,729,0.2500783,2915.087,0.6014192,33.03203,39.47117
52,333,0.09628431,3458.508,0.8436984,22.88552,28.58599
53,120,0.03816993,3143.836,0.5342882,30.0352,36.65926
54,352,0.08746792,4024.333,0.798335,27.36111,31.89419
55,370,0.09771615,3786.478,0.7199558,35.56413,24.45291
56,106,0.03567566,2971.213,0.4263194,34.91753,27.52863
57,432,0.1368372,3157.037,0.7238154,38.45568,19.44913
58,297,0.08365865,3550.141,0.8675687,20.83776,24.33561
59,3368,1.048478,3212.276,0.8971767,40.04716,24.82026
60,915,0.3069258,2981.177,0.8169487,38.4945,29.86605
62,265,0.06784991,3905.679,0.8036793,34.25797,26.21538
63,234,0.07230102,3236.469,0.5154784,35.30885,21.27644
64,408,0.1597572,2553.875,0.6902292,24.73162,19.1546
65,630,0.2423455,2599.594,0.7943561,22.54368,18.81483
66,405,0.1544719,2621.835,0.8903274,19.15758,38.88808
67,203,0.06180829,3284.349,0.8214568,36.61411,23.69818
68,456,0.1504614,3030.678,0.7593725,19.48029,26.29846
69,217,0.08949575,2424.696,0.7855459,27.56209,26.66015
70,2511,0.5631912,4458.521,0.8953531,19.93912,36.33689
72,253,0.06354979,3981.131,0.6989027,38.93761,24.14749
74,287,0.09852172,2913.063,0.8505352,32.12462,30.31227
75,131,0.03923316,3339.012,0.5240653,23.33269,31.06628
76,199,0.06663413,2986.457,0.7604812,25.26251,26.07038
77,1741,0.458551,3796.742,0.8140667,41.63147,25.26781
78,2261,0.7557799,2991.612,0.9539911,31.95822,39.11795
79,460,0.1466773,3136.137,0.7645276,40.3617,30.10385
80,52,0.02332529,2229.34,0.6243252,33.78053,28.46338
81,970,0.2731976,3550.543,0.8591346,17.88608,23.48202
82,829,0.2561404,3236.506,0.9327857,25.36454,21.02387
83,55,0.0142164,3868.773,0.6727418,21.89709,17.63042
86,354,0.1319607,2682.617,0.697921,23.28781,21.20535
87,701,0.2085402,3361.462,0.6220218,37.93476,30.41972
88,1114,0.2885595,3860.556,0.9162056,35.04998,35.1654
89,951,0.311748,3050.541,0.7885175,40.14628,27.69676
90,2524,0.9310433,2710.938,0.6366728,32.74942,36.33112
91,170,0.06741144,2521.827,0.7980341,31.22549,21.02075
92,133,0.04581292,2903.111,0.6711604,34.6135,30.86046
93,682,0.2109423,3233.112,0.7672839,26.01638,17.73953
94,545,0.1758433,3099.35,0.6902794,32.39825,22.54253
95,107,0.03479701,3074.977,0.6601727,31.70549,30.65349
96,82,0.03158552,2596.126,0.5576807,33.33563,24.08537
97,941,0.2939483,3201.243,0.6988804,24.55345,41.18392
98,550,0.1819734,3022.42,0.8322662,37.77872,36.29718
99,69,0.02384515,2893.67,0.6147205,27.48131,39.25549
100,682,0.1984664,3436.35,0.9111668,18.8235,27.35253
101,79,0.01732673,4559.428,0.3141074,17.73845,23.03704
102,2093,0.5028972,4161.884,0.8012893,37.85501,31.54884
103,97,0.02711573,3577.259,0.8287506,32.15221,23.8212
104,652,0.2355053,2768.515,0.8814256,24.63911,21.79128
105,808,0.2356222,3429.218,0.8052995,32.65097,41.03883
107,972,0.3035825,3201.766,0.9220998,24.24876,26.3705
108,912,0.2754705,3310.7,0.622657,27.82592,42.75761
109,472,0.1432475,3294.997,0.8310575,22.08377,40.08476
110,389,0.1438757,2703.723,0.7893213,23.729,19.88844
111,1469,0.414491,3544.106,0.8320571,34.22995,28.9213
112,311,0.1010875,3076.544,0.6397066,31.5937,18.70769
113,50,0.01840529,2716.61,0.4252105,33.4362,19.74564
114,660,0.3004329,2196.83,0.7739352,40.64329,20.80892
115,349,0.151271,2307.117,0.4509628,31.84616,22.53122
116,254,0.08986825,2826.36,0.822049,31.79365,20.2392
117,458,0.1493686,3066.241,0.8089424,30.44136,37.16576
118,361,0.08929596,4042.736,0.7135478,18.45732,31.97542
119,59,0.01326729,4447.027,0.6359413,18.50323,17.56499
120,396,0.1207363,3279.875,0.6583742,33.12862,20.38772
121,81,0.01908782,4243.543,0.8287597,22.66192,31.94123
122,2460,0.8070692,3048.066,0.8833535,41.19158,27.22017
125,1146,0.3176015,3608.296,0.8561028,17.91435,36.57076
126,58,0.02421405,2395.303,0.8179063,19.0616,20.00825
127,295,0.1197152,2464.181,0.8358028,35.28981,29.32581
128,292,0.1038086,2812.869,0.6161652,18.17443,27.21234
129,91,0.03458228,2631.406,0.7290528,40.14624,23.14799
130,204,0.04493262,4540.132,0.5140345,21.66038,18.90005
131,483,0.1279501,3774.91,0.5261536,40.64557,31.26277
132,757,0.2219064,3411.349,0.8163202,41.29225,24.28395
133,62,0.01825331,3396.644,0.5877585,28.22955,29.62032
134,160,0.03526133,4537.549,0.6295677,18.26502,26.91029
135,459,0.1200918,3822.075,0.7115617,20.3761,21.183
136,258,0.1034553,2493.832,0.7854168,18.6661,22.6356
137,1616,0.4242342,3809.217,0.6630499,23.32894,38.67945
138,464,0.1400528,3313.036,0.8039433,25.11279,27.74925
139,817,0.2478185,3296.767,0.7678347,35.02164,39.08361
140,76,0.03626611,2095.621,0.8146281,28.95392,36.19413
141,621,0.2465988,2518.26,0.7589456,20.56485,19.02346
142,752,0.2383325,3155.256,0.7575441,38.43647,26.79817
143,50,0.01844597,2710.62,0.759325,36.83606,17.75143
144,200,0.07422838,2694.387,0.7758794,18.99407,18.75587
146,877,0.2516963,3484.357,0.781652,28.28709,36.90661
147,86,0.03462708,2483.605,0.8707695,32.68862,31.02174
149,262,0.08901712,2943.254,0.8232211,25.71277,31.14398
150,906,0.2866073,3161.119,0.7455748,37.74048,35.69234
151,325,0.1065935,3048.966,0.7753432,29.68514,18.92724
153,82,0.02686221,3052.615,0.6563966,34.80012,24.4126
154,529,0.1527298,3463.633,0.9060301,37.0289,23.04189
156,779,0.2070552,3762.281,0.7155911,26.08216,22.38008
157,239,0.07701124,3103.443,0.8808748,19.3847,39.65509
159,160,0.05265932,3038.398,0.7110404,40.92969,25.6531
160,244,0.1077484,2264.534,0.5644462,17.38264,36.37334
161,1665,0.4344601,3832.343,0.8693733,17.9767,35.25168
162,185,0.06875812,2690.591,0.8790898,24.57136,15.36538
163,77,0.03357426,2293.423,0.4851952,32.65719,29.43802
164,1151,0.293444,3922.383,0.8928413,39.47511,27.79151
166,530,0.146989,3605.712,0.7771387,27.40678,29.93605
167,1037,0.2803613,3698.799,0.9026749,30.9925,41.74016
169,192,0.08136002,2359.881,0.8072839,18.45305,29.00347
170,131,0.0507457,2581.5,0.9350001,20.47982,28.71853
171,404,0.110781,3646.835,0.8359616,26.73757,38.54702
172,806,0.245888,3277.915,0.8457665,31.84373,41.24968
174,71,0.02658837,2670.34,0.6818426,42.11804,26.85617
175,205,0.07262371,2822.77,0.7828439,34.09851,25.36519
176,1165,0.3383621,3443.057,0.8979117,33.06967,38.68095
177,134,0.05359779,2500.103,0.76103,41.05959,21.83689
178,206,0.07247963,2842.178,0.7232257,24.47537,39.15287
179,469,0.1632753,2872.449,0.7542769,31.26026,23.82998
180,225,0.07908244,2845.132,0.3721913,30.93022,34.6209
181,592,0.1686194,3510.865,0.5357175,35.40155,30.93883
183,587,0.1941652,3023.198,0.5528454,26.10402,19.83274
184,305,0.1131384,2695.812,0.4795108,35.57872,21.99245
185,845,0.2053365,4115.196,0.7970928,27.18271,18.21327
186,75,0.02329171,3220.03,0.7818013,38.80279,32.18397
187,520,0.1478495,3517.09,0.8477246,24.62202,20.22591
188,135,0.02173474,6211.253,0.6733195,30.34376,16.60098
189,626,0.2510726,2493.303,0.7446083,28.80369,14.91759
190,261,0.1032411,2528.062,0.8682143,19.80266,33.1963
191,61,0.02419126,2521.572,0.7842857,25.55961,15.26773
193,104,0.03639941,2857.189,0.8588201,27.33646,36.35281
194,629,0.2106338,2986.225,0.6929864,25.19019,22.4004
195,1077,0.2620342,4110.15,0.7523988,31.99229,37.44112
196,77,0.03215853,2394.388,0.8116919,37.90295,23.39587
197,649,0.1819088,3567.723,0.8600813,34.46467,34.84059
198,467,0.1259148,3708.858,0.7429377,29.77871,28.91542
199,358,0.1129237,3170.283,0.7792561,20.00409,40.43716
202,78,0.03145088,2480.058,0.7004193,35.37469,33.64829
204,206,0.08895285,2315.834,0.8629563,29.41093,31.41768
205,305,0.1029723,2961.962,0.855421,22.66112,26.39691
208,411,0.1093551,3758.398,0.9221486,17.74086,26.43343
210,495,0.1696651,2917.511,0.7653915,29.49319,32.70104
211,287,0.114672,2502.791,0.8817015,26.03449,43.5041
212,552,0.1740139,3172.161,0.7408392,26.20222,41.95128
213,223,0.05954045,3745.353,0.5390916,36.4143,18.72023
214,356,0.09755657,3649.165,0.6730156,32.24586,17.75871
215,1262,0.3226404,3911.475,0.8486395,21.88958,35.08116
216,145,0.03805797,3809.978,0.7014663,19.08992,22.60399
217,134,0.03003116,4462.032,0.676711,26.19928,15.35098
218,145,0.04383866,3307.583,0.5947336,32.90707,19.3726
219,494,0.1605064,3077.759,0.6036983,41.50079,23.22602
220,448,0.1190532,3763.023,0.8249596,33.38005,23.07966
221,61,0.02502085,2437.967,0.7522078,26.55321,23.83014
222,148,0.03998522,3701.367,0.5870838,34.66006,20.24215
223,152,0.04644777,3272.493,0.6297951,28.72088,34.51696
225,316,0.1053465,2999.626,0.75315,21.43771,17.54898
227,356,0.1073803,3315.321,0.8586799,32.43363,35.23518
228,107,0.03616076,2959.009,0.6620758,37.46967,19.66526
229,366,0.1163571,3145.49,0.8840914,26.10234,16.20577
230,233,0.07907111,2946.715,0.7462528,35.9034,17.13813
232,566,0.206735,2737.805,0.862017,26.1863,31.75148
233,242,0.0939022,2577.149,0.5717408,23.79854,34.64783
234,508,0.163435,3108.27,0.6894993,24.18903,16.72299
235,228,0.08118607,2808.364,0.6460188,19.19496,20.48204
236,66,0.02761594,2389.924,0.678717,32.09513,32.01521
239,374,0.1071657,3489.923,0.9554037,23.23162,42.18691
240,489,0.07135607,6852.957,0.4814331,31.85832,28.9751
241,114,0.05316091,2144.433,0.6064425,36.9696,30.9125
245,512,0.112848,4537.075,0.7983612,20.58764,31.34352
246,271,0.08504591,3186.514,0.2047267,25.86605,42.92938
247,90,0.02199597,4091.659,0.3314349,29.98546,30.48477
249,170,0.06822842,2491.63,0.8289942,35.78816,21.67605
251,648,0.1340158,4835.249,0.7899015,20.9417,29.74101
252,114,0.04517647,2523.438,0.7833471,35.18711,27.50642
253,112,0.03227043,3470.669,0.6058954,30.81733,21.09562
254,82,0.02706859,3029.342,0.544335,23.99634,25.18234
256,99,0.04263105,2322.251,0.8309312,38.56863,32.0681
257,67,0.020702,3236.402,0.5901671,36.31597,22.07792
258,73,0.01787072,4084.894,0.8306572,37.51729,25.0996
259,68,0.02144916,3170.287,0.920399,30.07057,27.68472
261,387,0.1363588,2838.101,0.8853381,39.27199,31.12932
262,55,0.02554039,2153.452,0.5141723,35.19863,26.65554
263,931,0.2027526,4591.803,0.8520604,25.92387,37.88472
266,319,0.1081607,2949.315,0.6831432,40.54846,23.60112
267,67,0.01463638,4577.635,0.7109468,30.90936,30.71826
268,386,0.1165943,3310.624,0.8193476,23.49829,35.89552
270,236,0.06208973,3800.951,0.7266771,32.58092,23.82568
271,546,0.1586542,3441.447,0.8333591,30.53063,42.15835
272,259,0.1044785,2478.979,0.7917175,17.55387,34.74765
273,197,0.04493435,4384.173,0.5770958,28.28139,24.24751
274,133,0.04270733,3114.219,0.1867556,37.54879,23.37986
275,144,0.06043566,2382.699,0.8562797,24.40236,33.40649
276,217,0.08993308,2412.905,0.6531023,25.79861,23.94103
277,85,0.03511254,2420.787,0.6547288,31.88918,15.46338
278,418,0.1642455,2544.97,0.7878601,29.72967,41.82948
279,228,0.07645943,2981.974,0.9121507,32.08012,28.02015
280,121,0.05485079,2205.985,0.5060659,23.94601,33.71775
281,154,0.02793931,5511.948,0.8307946,25.263,29.31322
282,130,0.03974698,3270.689,0.636159,33.4887,23.82043
283,77,0.02981003,2583.023,0.7332853,24.51195,23.88519
284,170,0.05765811,2948.414,0.8169928,29.07467,41.6233
285,80,0.0245253,3261.938,0.835796,24.2259,28.16164
286,644,0.1659998,3879.523,0.5673606,27.75893,41.14309
288,50,0.02283136,2189.97,0.6387444,30.77132,20.45634
289,152,0.06273812,2422.77,0.6789,20.06514,17.65109
290,520,0.1914312,2716.38,0.8173248,40.98116,23.53338
291,112,0.04030877,2778.552,0.8157452,21.76687,26.5768
293,386,0.1147921,3362.601,0.8974622,33.71119,19.14379
294,127,0.02824677,4496.09,0.603717,17.18489,24.84216
296,132,0.05439349,2426.761,0.4984438,27.89187,24.06704
297,111,0.02849147,3895.904,0.7546189,38.6076,18.39598
299,278,0.08052879,3452.182,0.7569097,21.7144,29.49913
300,72,0.02941462,2447.762,0.4487182,39.05723,29.88462
301,143,0.04232952,3378.257,0.7870514,37.76341,38.00409
303,202,0.09209125,2193.477,0.4867742,19.32607,22.16256
307,50,0.01531493,3264.788,0.8024802,30.44663,27.25608
309,552,0.1778863,3103.105,0.7002447,39.07349,22.30496
312,449,0.1749718,2566.128,0.8251841,32.23854,40.71879
314,382,0.0944841,4043.008,0.7226616,18.22455,37.29204
315,65,0.02332439,2786.782,0.4123567,30.35397,24.45482
317,75,0.02526618,2968.395,0.6295332,36.9759,26.35769
320,238,0.06734306,3534.143,0.6027917,18.79601,26.03069
323,255,0.06847015,3724.251,0.840593,34.20717,19.72559
324,50,0.01448246,3452.452,0.8330705,23.88722,30.95699
325,79,0.01596335,4948.835,0.5501846,19.05573,16.79748
327,60,0.01586908,3780.937,0.6920583,25.13392,24.52724
328,54,0.01823691,2961.028,0.6508027,24.32443,35.57273
330,242,0.08365698,2892.765,0.7143287,30.70901,31.93017
331,292,0.08857787,3296.534,0.7103921,42.85784,25.45948
333,128,0.04011272,3191.008,0.8936026,25.67793,38.98468
334,188,0.04366709,4305.301,0.7042583,29.03169,23.26614
336,185,0.08255317,2240.98,0.5777154,42.78465,29.16897
338,78,0.03082708,2530.243,0.7502484,31.63418,15.71343
339,185,0.05659149,3269.043,0.8178176,20.46061,40.95106
340,50,0.02076353,2408.068,0.7479773,26.98442,26.49269
341,104,0.04413606,2356.35,0.7272252,34.88891,19.92641
342,218,0.08065706,2702.801,0.9036835,29.81956,38.01599
343,109,0.04478232,2433.996,0.652692,21.83417,32.19313
344,254,0.08651286,2935.98,0.2288485,35.29046,19.42822
346,259,0.09779456,2648.409,0.8182166,29.53995,30.84227
348,98,0.02818783,3476.677,0.516901,38.45347,21.59823
351,52,0.02347651,2214.98,0.6603088,29.13727,20.22335
352,75,0.03068682,2444.046,0.6353843,25.22058,29.06136
353,201,0.05686182,3534.885,0.8460832,19.26438,19.86012
355,123,0.03179115,3869.002,0.3638059,28.21468,32.98952
357,115,0.05118594,2246.711,0.864695,23.60262,30.89667
358,93,0.03046856,3052.327,0.8461327,17.46083,21.10735
359,89,0.03140912,2833.572,0.3661302,30.52029,23.35862
361,362,0.1157213,3128.207,0.2450281,23.16439,40.66579
364,202,0.09126092,2213.434,0.5160533,27.97249,37.41964
367,94,0.02428481,3870.732,0.613002,30.33241,27.01112
368,105,0.04548407,2308.501,0.3278751,33.58111,17.17693
369,59,0.01865383,3162.89,0.228692,20.86409,25.6066
370,56,0.01997822,2803.053,0.7464633,26.71417,29.90742
371,90,0.04871013,1847.665,0.6013902,34.12525,26.46416
372,123,0.03248687,3786.145,0.6497357,37.47363,25.51701
374,60,0.02088971,2872.228,0.7442639,26.27894,37.07796
376,183,0.06185594,2958.487,0.8717796,16.88475,23.43857
377,246,0.06548752,3756.441,0.6960492,29.14126,34.73714
378,62,0.0151622,4089.118,0.7553924,40.23695,20.76995
381,53,0.02459816,2154.632,0.6463135,25.68377,29.78156
382,166,0.08004308,2073.883,0.3816459,27.59133,14.85586
383,177,0.05364726,3299.329,0.6737913,21.19928,26.32052
384,79,0.03493637,2261.254,0.6798367,37.28808,25.18455
386,242,0.07761216,3118.068,0.7392539,34.61399,31.20952
387,299,0.07883368,3792.795,0.888621,32.43446,20.42881
388,164,0.05016603,3269.145,0.7617678,34.0483,18.76159
389,80,0.02604839,3071.207,0.5927524,22.39249,36.64108
390,141,0.0470803,2994.883,0.7390261,20.44353,22.31076
391,87,0.03808451,2284.393,0.7957828,38.11619,21.06157
393,70,0.02169896,3225.962,0.7165015,34.41127,25.69765
396,122,0.05944341,2052.372,0.8113821,38.58249,24.53084
399,91,0.03282928,2771.916,0.2903126,36.14841,31.45333
401,161,0.03718323,4329.909,0.5466798,29.0268,19.01068
402,335,0.0968974,3457.265,0.7282813,27.34786,24.99589
403,299,0.07805368,3830.697,0.2617396,30.16134,21.13917
405,136,0.03253621,4179.958,0.6723239,29.35837,23.27572
408,92,0.04023151,2286.764,0.5036049,35.46992,23.15615
409,117,0.03949489,2962.409,0.6645949,38.06684,37.80132
410,52,0.02268848,2291.912,0.8940706,33.84324,26.40269
411,86,0.02591796,3318.163,0.6806425,33.51611,34.80336
413,214,0.08213596,2605.436,0.7141777,19.7138,20.13444
414,51,0.02219317,2298.004,0.8030549,21.04997,17.68689
415,149,0.04228009,3524.117,0.8945789,28.82701,22.84435
416,94,0.03232317,2908.131,0.4609172,24.41944,36.19977
417,79,0.03454789,2286.681,0.6779383,31.26966,21.42652
418,57,0.02841623,2005.896,0.7642812,31.84172,19.4817
419,93,0.03499874,2657.238,0.8470351,29.18881,39.93118
420,378,0.1255034,3011.872,0.7941091,23.31941,18.17933
421,78,0.02222542,3509.495,0.2755875,22.67345,21.99954
423,57,0.01980593,2877.927,0.7435503,20.80256,27.17762
424,54,0.0133404,4047.855,0.7075505,25.37473,34.73635
427,92,0.03124088,2944.86,0.7882488,24.61208,36.86396
428,161,0.06750375,2385.053,0.8761676,40.78501,22.81214
430,50,0.01876784,2664.132,0.84706,24.50865,41.70297
431,174,0.05481371,3174.389,0.8151819,17.10258,31.31421
433,93,0.03181956,2922.73,0.6678734,33.05103,32.09098
434,87,0.03563234,2441.602,0.579559,21.79832,16.59336
435,110,0.03860639,2849.27,0.8525234,18.75572,18.15243
437,92,0.02482229,3706.347,0.7177945,29.50208,28.22982
438,119,0.05219721,2279.815,0.6743582,24.61839,36.48014
441,169,0.03854984,4383.935,0.7121375,27.98674,22.32509
443,51,0.009972154,5114.241,0.6806304,19.17736,32.21022
445,86,0.02860585,3006.378,0.3174015,26.23878,42.28312
447,50,0.01831292,2730.312,0.5884857,17.04007,33.0582
448,93,0.03770595,2466.454,0.5409963,27.7784,34.70395
449,66,0.01880379,3509.931,0.6849561,28.83536,32.2958
450,102,0.0504153,2023.196,0.7564859,38.52443,34.99012
453,128,0.033352,3837.851,0.7286407,24.67422,26.74422
454,111,0.0266928,4158.424,0.6445317,18.0593,33.01308
458,87,0.01894232,4592.889,0.882258,26.78211,25.47499
459,89,0.03038609,2928.972,0.6239957,30.9116,31.57263
460,132,0.06301242,2094.825,0.7946683,19.00419,30.83692
462,166,0.06150727,2698.868,0.7449444,24.14798,22.9454
463,64,0.0168015,3809.184,0.7535611,29.48862,24.71065
464,81,0.01659521,4880.927,0.9014484,28.82571,26.32529
468,100,0.04310793,2319.759,0.7642701,27.14641,23.39998
471,62,0.02478982,2501.027,0.8112709,41.0457,21.51371
473,114,0.04428459,2574.259,0.7867544,26.35972,37.45351
474,54,0.01859065,2904.686,0.7542139,42.57207,25.45375
475,444,0.1121553,3958.797,0.6838582,27.34547,34.61074
477,285,0.08671941,3286.461,0.5647554,18.928,25.02532
478,69,0.02521533,2736.43,0.6033434,26.61508,26.45201
479,97,0.03686769,2631.03,0.8289784,24.33271,23.41269
480,220,0.09413814,2336.991,0.8026384,24.41851,31.42447
485,145,0.05331324,2719.775,0.7872483,31.61273,28.34836
486,60,0.02258087,2657.116,0.7255703,19.73693,32.27984
494,90,0.02774247,3244.124,0.7772608,27.52373,38.96483
495,62,0.01342842,4617.072,0.3302684,36.73343,23.43502
499,69,0.02505486,2753.957,0.6332769,28.70193,18.46834
504,52,0.02175913,2389.801,0.6872102,19.2216,38.29994
505,99,0.04519176,2190.665,0.6657862,31.4363,33.90639
508,170,0.05785029,2938.62,0.5059203,21.3193,32.19573
511,61,0.01772155,3442.137,0.8208748,24.59019,38.65586
513,89,0.03886318,2290.085,0.6962857,31.48142,36.83155
515,69,0.02585688,2668.536,0.757685,18.69983,29.135
516,193,0.05397864,3575.489,0.7806649,17.7312,20.5874
517,101,0.0309636,3261.895,0.8407559,21.52182,28.3308
520,70,0.01498009,4672.869,0.507646,20.03245,26.57627
521,62,0.02348861,2639.578,0.8388935,30.0029,30.72997
526,50,0.01942078,2574.562,0.573255,38.90825,29.7446
527,467,0.1750433,2667.912,0.606436,26.66456,16.9001
528,89,0.03385938,2628.519,0.7536316,20.09719,28.49469
529,81,0.02402135,3372,0.3513843,26.14514,34.69127
530,75,0.03548418,2113.618,0.6557818,37.30395,36.47122
532,151,0.0547068,2760.168,0.7833518,20.7496,23.94702
534,80,0.03143368,2545.041,0.5105963,30.18782,35.06567
535,63,0.01989433,3166.731,0.6191279,28.69602,39.48575
536,227,0.06815941,3330.428,0.5343883,32.69667,32.12692
537,95,0.03702543,2565.804,0.5444215,36.73318,30.3391
538,51,0.01706387,2988.771,0.7171209,35.00043,28.03167
540,67,0.02774281,2415.04,0.4831417,37.16829,36.70992
541,81,0.02964969,2731.901,0.9044572,34.60355,19.89264
543,89,0.02667631,3336.294,0.6094103,18.42299,20.30078
545,278,0.06831654,4069.293,0.822,34.63279,30.52169
547,143,0.05030505,2842.657,0.5337543,33.70494,31.4188
548,53,0.02222139,2385.089,0.4989641,36.98041,30.6456
549,66,0.01937209,3406.964,0.8446559,22.73407,29.74215
550,80,0.02712877,2948.898,0.798087,23.14179,15.71018
553,105,0.04762566,2204.694,0.8610534,29.06986,34.24157
554,165,0.06011527,2744.727,0.8059475,33.40731,40.09387
558,130,0.04397731,2956.07,0.6712972,39.78511,32.30894
561,101,0.03892127,2594.982,0.7668831,19.31808,18.02885
563,62,0.01300533,4767.278,0.8543937,23.97303,24.96044
564,97,0.04749246,2042.429,0.7155442,25.74274,34.90792
565,52,0.01932291,2691.106,0.8111067,25.94604,41.6091
567,72,0.02929036,2458.147,0.3016326,25.04847,39.41582
572,76,0.02960143,2567.444,0.5574526,25.264,31.3245
576,79,0.01394008,5667.113,0.7063611,27.88965,17.44547
577,77,0.02672431,2881.272,0.7120023,24.90714,36.45535
579,91,0.01751256,5196.27,0.5440542,27.68445,43.98263
580,64,0.01592169,4019.674,0.7096522,20.38069,17.97186
581,88,0.0297428,2958.699,0.5683404,22.94243,24.91778
583,55,0.02139033,2571.256,0.8398051,30.58,34.5092
585,70,0.02477738,2825.158,0.4538836,30.11943,24.76237
590,69,0.01393576,4951.292,0.6327975,20.30892,16.47524
592,145,0.0513653,2822.917,0.8642904,29.32124,15.22615
593,55,0.02061525,2667.928,0.8048149,31.26424,35.56415
595,103,0.02375089,4336.68,0.5180944,41.45755,21.67723
596,53,0.01795959,2951.07,0.7140886,26.40505,37.66957
597,62,0.01927328,3216.89,0.8461149,30.62826,42.63645
598,148,0.05873561,2519.766,0.842057,23.83785,31.39188
602,81,0.02170343,3732.129,0.4897219,21.7812,31.25086
605,67,0.01682056,3983.222,0.7977663,18.87112,21.69587
606,179,0.04943792,3620.702,0.7325816,36.38635,25.77608
608,108,0.04518585,2390.129,0.8611218,24.40086,30.62195
610,52,0.0140895,3690.692,0.5553998,39.93996,23.04411
611,111,0.04177996,2656.776,0.7886102,34.25644,27.97034
615,50,0.01557801,3209.652,0.6116788,39.53248,20.77022
618,78,0.03318258,2350.631,0.3916129,36.73395,30.56342
620,86,0.02543947,3380.574,0.7228469,32.86588,21.01257
622,173,0.04206205,4112.971,0.6830646,27.2846,25.90506
623,76,0.03263949,2328.468,0.8402191,33.05511,27.68504
625,75,0.02691013,2787.054,0.8209409,16.97681,25.34273
627,102,0.03401314,2998.841,0.7469061,38.77917,31.9423
629,236,0.07656009,3082.546,0.6947818,30.39931,24.10888
630,317,0.07359106,4307.588,0.8067048,36.78845,17.30005
633,70,0.03145099,2225.685,0.797335,29.46313,41.61149
635,102,0.04365371,2336.571,0.6989022,28.93668,36.63514
637,159,0.05957,2669.129,0.8536933,26.6677,26.08492
638,125,0.03306675,3780.233,0.7547504,27.3206,26.37029
641,53,0.01879076,2820.534,0.8574516,25.98572,23.16631
642,94,0.03857326,2436.921,0.4152593,42.91216,24.84419
643,119,0.04105616,2898.469,0.5647577,35.37973,28.8898
650,130,0.04612906,2818.18,0.6788592,33.95468,31.66566
654,100,0.04334037,2307.318,0.590326,42.42317,28.71263
656,58,0.03060411,1895.17,0.8177156,33.86182,17.20416
657,63,0.0189649,3321.926,0.5656677,19.74525,25.09547
660,94,0.03946088,2382.106,0.5237966,26.77222,32.87597
663,122,0.0439623,2775.105,0.7061554,43.06934,25.97586
665,78,0.02374467,3284.947,0.6268172,20.12256,34.77337
668,119,0.0343269,3466.669,0.7215776,30.76448,31.36689
673,79,0.02342135,3372.991,0.8588167,19.07007,35.89383
675,51,0.01797657,2837.026,0.7530615,29.4745,25.73504
679,76,0.01670036,4550.801,0.2499547,22.43054,22.3358
681,136,0.05578936,2437.741,0.9062491,25.55302,23.45214
684,176,0.05439563,3235.554,0.851391,32.73953,30.08325
686,52,0.02491835,2086.816,0.4407595,33.03885,40.62348
688,86,0.0379635,2265.334,0.8981656,18.74553,30.63599
689,86,0.02829278,3039.645,0.8457291,23.70628,35.57887
691,113,0.04725698,2391.181,0.6094911,22.03497,18.59549
700,72,0.02495934,2884.691,0.745907,37.41804,21.15423
706,51,0.01578129,3231.676,0.4044759,23.06525,22.76052
711,85,0.03192977,2662.093,0.8774433,29.07121,15.26311
714,72,0.02945732,2444.214,0.5160677,35.98932,22.84657
716,64,0.02287357,2797.989,0.5650805,33.3017,32.29581
718,74,0.02426829,3049.247,0.4689367,24.23369,31.25259
721,118,0.03271884,3606.485,0.7321652,30.69562,39.84813
723,73,0.02448189,2981.795,0.6680785,19.70723,39.76368
726,53,0.02127066,2491.696,0.8260486,29.69688,35.28502
731,82,0.04142908,1979.286,0.6789516,31.97602,27.19949
735,156,0.0408175,3821.89,0.6601961,17.55704,34.04036
738,61,0.0178803,3411.575,0.8171172,32.76934,40.44278
740,51,0.01533327,3326.1,0.6731172,26.83445,27.90557
741,52,0.02172464,2393.595,0.4923356,21.07706,20.2898
742,66,0.01602853,4117.658,0.6681374,30.51538,41.71418
746,75,0.02597006,2887.941,0.5414578,16.79405,28.2483
747,96,0.01850031,5189.103,0.7603254,25.50486,14.98162
748,59,0.009703346,6080.377,0.4620399,23.58743,15.46348
753,174,0.04272337,4072.713,0.5300796,22.62673,34.82648
754,54,0.01880296,2871.888,0.6682416,36.80638,32.37697
759,59,0.02488722,2370.695,0.5615801,26.58967,40.13232
762,73,0.02958138,2467.769,0.7265473,36.4058,37.2705
764,56,0.02137584,2619.78,0.7417616,22.13788,22.72032
765,99,0.03596191,2752.913,0.7556549,36.91919,19.84393
769,90,0.01226866,7335.762,0.7492931,29.42579,24.98604
771,69,0.02702329,2553.354,0.7491958,33.39598,15.98583
772,52,0.02346119,2216.427,0.6579936,29.29021,25.61839
773,76,0.02358733,3222.069,0.752008,32.36728,23.64442
774,59,0.02743749,2150.342,0.8114028,36.71841,31.12936
776,72,0.02629592,2738.067,0.5433932,24.6393,16.40423
778,111,0.02792494,3974.942,0.6474769,29.50291,39.25588
779,110,0.03614741,3043.095,0.600832,27.61767,37.55579
780,71,0.02001092,3548.063,0.9360536,18.242,16.68253
784,53,0.02277592,2327.019,0.7231634,18.36643,34.20129
785,69,0.02919739,2363.225,0.5932966,35.38406,31.42816
787,72,0.02174729,3310.758,0.76743,22.90984,17.87722
788,114,0.04891846,2330.409,0.769822,37.8325,25.60316
792,64,0.02231797,2867.645,0.806929,28.64298,26.15373
796,55,0.01970436,2791.26,0.5307965,37.4419,24.84574
799,82,0.02913319,2814.659,0.8356576,24.87543,18.92048
801,75,0.02031291,3692.233,0.7394234,19.10674,22.32262
802,85,0.01054431,8061.218,0.5651453,17.29559,25.07717
806,74,0.02950362,2508.167,0.5617782,38.8176,23.67231
811,53,0.01877291,2823.218,0.5395853,32.77102,33.16957
816,94,0.0223852,4199.203,0.6063957,37.63211,25.68428
822,67,0.01835119,3650.989,0.3904328,29.82239,40.23493
825,109,0.03072103,3548.059,0.2491132,22.89846,15.56159
826,65,0.01577752,4119.787,0.6664912,32.8685,21.68275
828,116,0.03056226,3795.53,0.3790332,23.71539,29.65882
830,86,0.01863943,4613.874,0.5532675,31.60143,15.40245
837,59,0.01611412,3661.385,0.6515833,18.4013,31.36639
838,59,0.01826258,3230.649,0.5515418,32.38431,29.44577
845,91,0.01607505,5660.946,0.6782436,20.05883,17.40939
847,86,0.03098464,2775.568,0.6564743,20.61032,31.06098
849,182,0.04778045,3809.089,0.7228225,30.99067,29.41373
850,75,0.03069639,2443.284,0.6224679,21.471,17.14347
852,59,0.02170595,2718.149,0.6780761,17.05018,32.75808
856,50,0.01671149,2991.953,0.7268317,31.21169,20.77708
862,241,0.04452352,5412.87,0.4324736,32.01711,31.5309
871,85,0.03970931,2140.556,0.750033,27.0428,23.1703
875,50,0.00172361,29008.88,0.9498086,29.79761,32.29967
879,53,0.02280414,2324.139,0.7501052,31.11858,20.21364
881,55,0.02299097,2392.243,0.5865676,42.55877,26.56098
887,105,0.03584123,2929.587,0.5948786,25.4528,27.35499
888,77,0.01350856,5700.089,0.765067,27.38931,27.83494
895,62,0.0219116,2829.551,0.8725021,28.87064,34.23911
899,60,0.03071887,1953.197,0.7487811,38.37848,24.80884
905,53,0.01739514,3046.829,0.6576548,28.21085,35.23965
907,52,0.02212139,2350.666,0.7799901,25.29085,15.88615
914,93,0.03479451,2672.836,0.8088543,23.90577,24.58626
925,61,0.02415675,2525.174,0.4304459,28.35734,14.68764
926,52,0.01642683,3165.553,0.6855956,30.37151,19.69102
931,53,0.01036171,5114.985,0.7244044,20.49668,15.57889
932,59,0.01961938,3007.23,0.7771594,30.88967,21.53906
942,69,0.02266249,3044.679,0.3140069,38.16702,32.60326
955,50,0.01744829,2865.611,0.8471199,29.38011,27.30829
963,90,0.01632035,5514.589,0.5858021,24.95995,15.49656
977,51,0.01041672,4895.976,0.5143403,27.24906,27.78017
